  1.000  0.785  0.571  0.280 -0.169 -0.297 -0.308 -0.152 -0.198 -0.132 -0.217 -0.135 -0.058  0.265  0.345  0.664  0.638  0.623  0.444  0.287  0.188 -0.174 -0.375 -0.419 -0.298 -0.365 -0.502 -0.460 -0.386 -0.461 -0.473 -0.361 -0.297 -0.342 -0.416 -0.453 -0.469 -0.489 -0.432 -0.489 -0.545 -0.474 -0.508 -0.470 -0.345 -0.225 -0.309 -0.356 -0.465 -0.470 -0.490 -0.466 -0.384 -0.302 -0.079  0.075  0.193 -0.001 -0.043  0.154  0.211  0.434  0.653  0.570  0.308  0.063 -0.197 -0.423 -0.505 -0.451 -0.379 -0.230  0.239  0.514  0.543  0.511
  0.785  1.000  0.729  0.475  0.039 -0.090 -0.194 -0.110 -0.185 -0.136 -0.087  0.065  0.140  0.464  0.530  0.665  0.497  0.424  0.251  0.078 -0.027 -0.350 -0.458 -0.476 -0.376 -0.367 -0.457 -0.437 -0.330 -0.357 -0.392 -0.293 -0.207 -0.237 -0.327 -0.369 -0.412 -0.436 -0.390 -0.426 -0.468 -0.405 -0.436 -0.404 -0.298 -0.197 -0.270 -0.329 -0.438 -0.470 -0.536 -0.530 -0.501 -0.457 -0.267 -0.079  0.023 -0.169 -0.150  0.053  0.158  0.381  0.603  0.635  0.381  0.181 -0.078 -0.283 -0.384 -0.351 -0.312 -0.174  0.234  0.421  0.470  0.443
  0.571  0.729  1.000  0.706  0.260  0.082 -0.141 -0.166 -0.169 -0.042 -0.028  0.174  0.246  0.528  0.548  0.515  0.372  0.251  0.110 -0.046 -0.127 -0.376 -0.412 -0.410 -0.387 -0.340 -0.362 -0.373 -0.274 -0.269 -0.313 -0.231 -0.143 -0.167 -0.259 -0.304 -0.352 -0.370 -0.341 -0.377 -0.380 -0.340 -0.337 -0.280 -0.185 -0.109 -0.175 -0.213 -0.310 -0.356 -0.418 -0.430 -0.426 -0.403 -0.279 -0.128 -0.039 -0.149 -0.106  0.039  0.112  0.297  0.510  0.614  0.453  0.382  0.163 -0.135 -0.275 -0.276 -0.264 -0.166  0.120  0.283  0.335  0.316
  0.280  0.475  0.706  1.000  0.649  0.460  0.138 -0.047 -0.040  0.050  0.225  0.471  0.502  0.635  0.504  0.337  0.144 -0.019 -0.150 -0.290 -0.326 -0.465 -0.396 -0.363 -0.375 -0.265 -0.223 -0.260 -0.152 -0.080 -0.141 -0.103 -0.006 -0.003 -0.088 -0.132 -0.200 -0.217 -0.201 -0.197 -0.161 -0.136 -0.118 -0.068 -0.043 -0.024 -0.070 -0.098 -0.168 -0.251 -0.345 -0.372 -0.438 -0.467 -0.425 -0.302 -0.260 -0.317 -0.224 -0.128 -0.053  0.068  0.262  0.480  0.430  0.596  0.440  0.168  0.005 -0.043 -0.103 -0.057  0.029  0.041  0.103  0.098
 -0.169  0.039  0.260  0.649  1.000  0.800  0.451  0.104  0.108  0.149  0.415  0.599  0.643  0.456  0.332  0.027 -0.132 -0.309 -0.396 -0.440 -0.375 -0.307 -0.127 -0.056 -0.131 -0.003  0.132  0.080  0.114  0.230  0.186  0.135  0.180  0.212  0.190  0.174  0.125  0.117  0.099  0.150  0.224  0.213  0.244  0.243  0.154  0.080  0.090  0.098  0.115  0.034 -0.035 -0.058 -0.178 -0.275 -0.378 -0.382 -0.431 -0.381 -0.285 -0.313 -0.268 -0.264 -0.190  0.019  0.109  0.435  0.579  0.487  0.422  0.309  0.175  0.103 -0.123 -0.334 -0.311 -0.297
 -0.297 -0.090  0.082  0.460  0.800  1.000  0.617  0.250  0.214  0.176  0.449  0.591  0.548  0.326  0.179 -0.103 -0.254 -0.421 -0.465 -0.496 -0.409 -0.270 -0.076 -0.009 -0.082  0.037  0.174  0.114  0.136  0.269  0.229  0.154  0.202  0.260  0.245  0.249  0.195  0.189  0.175  0.253  0.339  0.306  0.335  0.334  0.217  0.116  0.141  0.144  0.178  0.094  0.032  0.004 -0.123 -0.224 -0.360 -0.375 -0.448 -0.371 -0.265 -0.321 -0.282 -0.312 -0.281 -0.082  0.044  0.388  0.529  0.600  0.536  0.420  0.274  0.162 -0.145 -0.421 -0.402 -0.389
 -0.308 -0.194 -0.141  0.138  0.451  0.617  1.000  0.668  0.475  0.114  0.379  0.361  0.353  0.138  0.028 -0.147 -0.234 -0.337 -0.359 -0.360 -0.281 -0.147 -0.006  0.041 -0.007  0.088  0.193  0.150  0.132  0.221  0.220  0.138  0.122  0.168  0.199  0.220  0.227  0.258  0.273  0.277  0.337  0.343  0.355  0.321  0.194  0.097  0.137  0.116  0.162  0.096  0.052  0.033 -0.044 -0.119 -0.241 -0.277 -0.343 -0.277 -0.207 -0.263 -0.248 -0.297 -0.317 -0.222 -0.120  0.094  0.247  0.512  0.458  0.331  0.179  0.086 -0.146 -0.411 -0.420 -0.408
 -0.152 -0.110 -0.166 -0.047  0.104  0.250  0.668  1.000  0.636  0.074  0.176  0.101  0.073 -0.017 -0.070 -0.096 -0.129 -0.143 -0.156 -0.158 -0.138 -0.092 -0.057 -0.034 -0.038 -0.021  0.015  0.007 -0.016  0.015  0.035 -0.001 -0.015  0.015  0.042  0.065  0.081  0.099  0.129  0.118  0.133  0.137  0.144  0.132  0.067  0.036  0.069  0.020  0.040 -0.006 -0.022 -0.035 -0.048 -0.076 -0.129 -0.134 -0.140 -0.133 -0.099 -0.117 -0.106 -0.136 -0.175 -0.164 -0.119 -0.099  0.012  0.273  0.216  0.123  0.064 -0.015 -0.005 -0.188 -0.225 -0.245
 -0.198 -0.185 -0.169 -0.040  0.108  0.214  0.475  0.636  1.000  0.537  0.379  0.186  0.084 -0.028 -0.100 -0.138 -0.172 -0.193 -0.194 -0.186 -0.169 -0.104 -0.042 -0.015 -0.057 -0.039  0.024  0.005 -0.024  0.017  0.038  0.007 -0.001  0.028  0.049  0.056  0.070  0.090  0.109  0.101  0.111  0.125  0.126  0.126  0.065  0.046  0.082  0.069  0.088  0.038  0.019  0.002 -0.029 -0.067 -0.138 -0.163 -0.161 -0.130 -0.110 -0.128 -0.151 -0.188 -0.214 -0.192 -0.157 -0.054  0.063  0.204  0.152  0.100  0.018 -0.019 -0.139 -0.228 -0.244 -0.256
 -0.132 -0.136 -0.042  0.050  0.149  0.176  0.114  0.074  0.537  1.000  0.539  0.253  0.112  0.030 -0.006 -0.054 -0.124 -0.163 -0.172 -0.161 -0.139 -0.082 -0.030  0.003 -0.032 -0.026  0.032  0.019  0.002  0.044  0.052  0.026  0.040  0.075  0.066  0.055  0.053  0.061  0.066  0.077  0.073  0.068  0.046  0.031 -0.023 -0.023  0.005  0.039  0.069  0.029  0.023  0.017 -0.023 -0.064 -0.120 -0.170 -0.153 -0.114 -0.130 -0.145 -0.198 -0.204 -0.176 -0.120 -0.118  0.043  0.090  0.038  0.047  0.055  0.026  0.036 -0.155 -0.205 -0.181 -0.181
 -0.217 -0.087 -0.028  0.225  0.415  0.449  0.379  0.176  0.379  0.539  1.000  0.715  0.536  0.323  0.168 -0.039 -0.171 -0.303 -0.366 -0.386 -0.320 -0.250 -0.104 -0.027 -0.072  0.022  0.144  0.126  0.153  0.246  0.237  0.199  0.226  0.272  0.258  0.218  0.177  0.167  0.150  0.175  0.196  0.162  0.141  0.081 -0.016 -0.033 -0.001  0.014  0.053 -0.009 -0.050 -0.049 -0.154 -0.251 -0.340 -0.368 -0.408 -0.371 -0.316 -0.342 -0.342 -0.331 -0.305 -0.158 -0.134  0.081  0.131  0.197  0.231  0.190  0.125  0.114 -0.117 -0.322 -0.283 -0.263
 -0.135  0.065  0.174  0.471  0.599  0.591  0.361  0.101  0.186  0.253  0.715  1.000  0.793  0.587  0.359  0.088 -0.095 -0.291 -0.399 -0.465 -0.393 -0.360 -0.184 -0.104 -0.137 -0.007  0.097  0.071  0.146  0.236  0.192  0.180  0.235  0.265  0.228  0.174  0.105  0.083  0.057  0.089  0.133  0.106  0.111  0.073  0.004 -0.019 -0.003  0.005  0.009 -0.076 -0.151 -0.147 -0.283 -0.392 -0.462 -0.435 -0.487 -0.481 -0.381 -0.380 -0.319 -0.268 -0.190  0.000  0.002  0.209  0.211  0.257  0.237  0.183  0.081  0.092 -0.061 -0.243 -0.203 -0.187
 -0.058  0.140  0.246  0.502  0.643  0.548  0.353  0.073  0.084  0.112  0.536  0.793  1.000  0.758  0.525  0.222  0.022 -0.210 -0.363 -0.434 -0.343 -0.337 -0.166 -0.076 -0.102  0.032  0.129  0.114  0.177  0.247  0.202  0.194  0.233  0.245  0.220  0.160  0.098  0.083  0.056  0.065  0.107  0.083  0.083  0.035 -0.025 -0.024 -0.019 -0.023 -0.030 -0.114 -0.184 -0.151 -0.284 -0.409 -0.467 -0.448 -0.504 -0.517 -0.429 -0.418 -0.348 -0.278 -0.167  0.011 -0.030  0.168  0.180  0.221  0.211  0.148  0.039  0.045 -0.036 -0.211 -0.174 -0.153
  0.265  0.464  0.528  0.635  0.456  0.326  0.138 -0.017 -0.028  0.030  0.323  0.587  0.758  1.000  0.765  0.508  0.273  0.030 -0.170 -0.300 -0.267 -0.408 -0.318 -0.249 -0.229 -0.118 -0.083 -0.093 -0.002  0.041 -0.010  0.016  0.086  0.094  0.031 -0.028 -0.093 -0.117 -0.118 -0.140 -0.137 -0.139 -0.156 -0.187 -0.182 -0.122 -0.142 -0.169 -0.226 -0.307 -0.386 -0.345 -0.439 -0.527 -0.488 -0.398 -0.395 -0.494 -0.427 -0.330 -0.234 -0.072  0.124  0.290  0.139  0.220  0.073 -0.004 -0.049 -0.072 -0.124 -0.046  0.091  0.052  0.096  0.096
  0.345  0.530  0.548  0.504  0.332  0.179  0.028 -0.070 -0.100 -0.006  0.168  0.359  0.525  0.765  1.000  0.700  0.446  0.181 -0.057 -0.161 -0.107 -0.272 -0.234 -0.169 -0.140 -0.061 -0.057 -0.066 -0.004  0.010 -0.040 -0.016  0.033  0.022 -0.028 -0.074 -0.112 -0.120 -0.120 -0.164 -0.163 -0.166 -0.195 -0.241 -0.234 -0.143 -0.167 -0.196 -0.253 -0.308 -0.351 -0.282 -0.334 -0.420 -0.367 -0.312 -0.315 -0.423 -0.398 -0.305 -0.216 -0.049  0.171  0.267  0.077  0.113  0.002 -0.101 -0.124 -0.140 -0.169 -0.096  0.099  0.091  0.127  0.130
  0.664  0.665  0.515  0.337  0.027 -0.103 -0.147 -0.096 -0.138 -0.054 -0.039  0.088  0.222  0.508  0.700  1.000  0.735  0.491  0.238  0.125  0.132 -0.164 -0.269 -0.257 -0.173 -0.191 -0.260 -0.243 -0.195 -0.243 -0.270 -0.200 -0.155 -0.188 -0.242 -0.285 -0.301 -0.307 -0.275 -0.338 -0.373 -0.342 -0.381 -0.414 -0.362 -0.233 -0.282 -0.318 -0.392 -0.417 -0.436 -0.362 -0.349 -0.356 -0.197 -0.112 -0.066 -0.240 -0.276 -0.134 -0.049  0.158  0.418  0.388  0.097 -0.011 -0.188 -0.329 -0.359 -0.334 -0.302 -0.178  0.173  0.322  0.357  0.343
  0.638  0.497  0.372  0.144 -0.132 -0.254 -0.234 -0.129 -0.172 -0.124 -0.171 -0.095  0.022  0.273  0.446  0.735  1.000  0.785  0.481  0.373  0.431  0.082 -0.120 -0.134 -0.048 -0.153 -0.255 -0.226 -0.227 -0.309 -0.314 -0.257 -0.238 -0.281 -0.312 -0.334 -0.320 -0.322 -0.286 -0.339 -0.386 -0.354 -0.395 -0.408 -0.351 -0.229 -0.274 -0.302 -0.358 -0.358 -0.322 -0.230 -0.150 -0.115  0.071  0.119  0.145 -0.025 -0.119 -0.008  0.038  0.182  0.377  0.263  0.038 -0.110 -0.259 -0.394 -0.404 -0.365 -0.306 -0.187  0.150  0.330  0.340  0.326
  0.623  0.424  0.251 -0.019 -0.309 -0.421 -0.337 -0.143 -0.193 -0.163 -0.303 -0.291 -0.210  0.030  0.181  0.491  0.785  1.000  0.757  0.635  0.586  0.194 -0.103 -0.165 -0.039 -0.213 -0.381 -0.327 -0.334 -0.451 -0.442 -0.366 -0.352 -0.405 -0.437 -0.444 -0.411 -0.412 -0.354 -0.406 -0.471 -0.409 -0.453 -0.433 -0.343 -0.225 -0.276 -0.317 -0.374 -0.352 -0.301 -0.232 -0.078  0.031  0.276  0.346  0.425  0.240  0.109  0.236  0.219  0.299  0.415  0.253  0.076 -0.157 -0.307 -0.472 -0.491 -0.433 -0.347 -0.220  0.171  0.429  0.426  0.402
  0.444  0.251  0.110 -0.150 -0.396 -0.465 -0.359 -0.156 -0.194 -0.172 -0.366 -0.399 -0.363 -0.170 -0.057  0.238  0.481  0.757  1.000  0.782  0.579  0.259 -0.034 -0.140 -0.055 -0.236 -0.397 -0.357 -0.384 -0.493 -0.473 -0.412 -0.405 -0.445 -0.467 -0.450 -0.400 -0.392 -0.327 -0.365 -0.423 -0.349 -0.378 -0.332 -0.222 -0.155 -0.193 -0.227 -0.257 -0.213 -0.157 -0.140  0.045  0.218  0.475  0.590  0.669  0.505  0.367  0.463  0.400  0.372  0.364  0.202  0.142 -0.118 -0.260 -0.415 -0.447 -0.380 -0.291 -0.191  0.110  0.374  0.360  0.336
  0.287  0.078 -0.046 -0.290 -0.440 -0.496 -0.360 -0.158 -0.186 -0.161 -0.386 -0.465 -0.434 -0.300 -0.161  0.125  0.373  0.635  0.782  1.000  0.791  0.489  0.171  0.061  0.132 -0.098 -0.259 -0.218 -0.297 -0.422 -0.396 -0.364 -0.383 -0.423 -0.421 -0.392 -0.320 -0.298 -0.245 -0.284 -0.328 -0.281 -0.299 -0.268 -0.190 -0.133 -0.152 -0.165 -0.170 -0.094  0.002  0.047  0.246  0.414  0.638  0.624  0.687  0.573  0.402  0.444  0.342  0.256  0.216  0.035  0.007 -0.219 -0.277 -0.399 -0.388 -0.328 -0.238 -0.173  0.054  0.283  0.254  0.240
  0.188 -0.027 -0.127 -0.326 -0.375 -0.409 -0.281 -0.138 -0.169 -0.139 -0.320 -0.393 -0.343 -0.267 -0.107  0.132  0.431  0.586  0.579  0.791  1.000  0.739  0.412  0.310  0.386  0.131 -0.029  0.001 -0.127 -0.259 -0.241 -0.253 -0.297 -0.328 -0.300 -0.260 -0.181 -0.154 -0.126 -0.151 -0.176 -0.175 -0.183 -0.191 -0.162 -0.125 -0.124 -0.106 -0.078  0.016  0.145  0.249  0.404  0.509  0.653  0.531  0.481  0.409  0.228  0.211  0.149  0.080  0.057 -0.116 -0.147 -0.290 -0.280 -0.327 -0.266 -0.219 -0.153 -0.120 -0.016  0.121  0.076  0.080
 -0.174 -0.350 -0.376 -0.465 -0.307 -0.270 -0.147 -0.092 -0.104 -0.082 -0.250 -0.360 -0.337 -0.408 -0.272 -0.164  0.082  0.194  0.259  0.489  0.739  1.000  0.777  0.661  0.680  0.464  0.302  0.286  0.108 -0.011 -0.009 -0.090 -0.167 -0.173 -0.107 -0.037  0.058  0.105  0.096  0.104  0.121  0.076  0.117  0.096  0.066  0.014  0.057  0.124  0.228  0.362  0.519  0.636  0.716  0.759  0.706  0.477  0.336  0.410  0.253  0.119  0.046 -0.107 -0.231 -0.375 -0.287 -0.308 -0.166 -0.090  0.009  0.027  0.045 -0.016 -0.175 -0.193 -0.260 -0.231
 -0.375 -0.458 -0.412 -0.396 -0.127 -0.076 -0.006 -0.057 -0.042 -0.030 -0.104 -0.184 -0.166 -0.318 -0.234 -0.269 -0.120 -0.103 -0.034  0.171  0.412  0.777  1.000  0.843  0.693  0.623  0.594  0.490  0.263  0.203  0.201  0.062 -0.035 -0.014  0.071  0.147  0.261  0.341  0.289  0.277  0.335  0.268  0.359  0.314  0.252  0.140  0.208  0.313  0.460  0.583  0.687  0.789  0.704  0.657  0.489  0.277  0.078  0.220  0.164 -0.039 -0.082 -0.242 -0.384 -0.453 -0.319 -0.217 -0.017  0.128  0.229  0.208  0.175  0.061 -0.275 -0.427 -0.497 -0.458
 -0.419 -0.476 -0.410 -0.363 -0.056 -0.009  0.041 -0.034 -0.015  0.003 -0.027 -0.104 -0.076 -0.249 -0.169 -0.257 -0.134 -0.165 -0.140  0.061  0.310  0.661  0.843  1.000  0.819  0.634  0.716  0.672  0.418  0.361  0.369  0.238  0.143  0.148  0.227  0.263  0.314  0.379  0.289  0.296  0.391  0.217  0.309  0.274  0.200  0.136  0.204  0.293  0.417  0.510  0.640  0.798  0.713  0.562  0.368  0.111 -0.085  0.075  0.016 -0.207 -0.235 -0.354 -0.462 -0.511 -0.399 -0.247 -0.018  0.142  0.272  0.206  0.177  0.038 -0.287 -0.472 -0.523 -0.478
 -0.298 -0.376 -0.387 -0.375 -0.131 -0.082 -0.007 -0.038 -0.057 -0.032 -0.072 -0.137 -0.102 -0.229 -0.140 -0.173 -0.048 -0.039 -0.055  0.132  0.386  0.680  0.693  0.819  1.000  0.751  0.595  0.650  0.489  0.330  0.308  0.226  0.129  0.103  0.171  0.195  0.234  0.275  0.207  0.226  0.287  0.147  0.182  0.112  0.021 -0.012  0.036  0.103  0.214  0.308  0.447  0.605  0.580  0.459  0.335  0.105 -0.052  0.043 -0.052 -0.207 -0.235 -0.324 -0.395 -0.462 -0.408 -0.320 -0.146  0.010  0.157  0.131  0.118  0.033 -0.177 -0.317 -0.364 -0.326
 -0.365 -0.367 -0.340 -0.265 -0.003  0.037  0.088 -0.021 -0.039 -0.026  0.022 -0.007  0.032 -0.118 -0.061 -0.191 -0.153 -0.213 -0.236 -0.098  0.131  0.464  0.623  0.634  0.751  1.000  0.754  0.653  0.614  0.515  0.415  0.318  0.219  0.186  0.243  0.266  0.339  0.408  0.323  0.288  0.335  0.274  0.314  0.207  0.100  0.031  0.085  0.137  0.248  0.304  0.360  0.483  0.391  0.261  0.093 -0.070 -0.217 -0.120 -0.138 -0.270 -0.282 -0.361 -0.423 -0.423 -0.360 -0.210 -0.058  0.121  0.226  0.189  0.140  0.071 -0.192 -0.372 -0.411 -0.367
 -0.502 -0.457 -0.362 -0.223  0.132  0.174  0.193  0.015  0.024  0.032  0.144  0.097  0.129 -0.083 -0.057 -0.260 -0.255 -0.381 -0.397 -0.259 -0.029  0.302  0.594  0.716  0.595  0.754  1.000  0.853  0.643  0.691  0.680  0.493  0.380  0.409  0.493  0.516  0.568  0.642  0.518  0.458  0.551  0.387  0.440  0.341  0.209  0.129  0.205  0.261  0.385  0.410  0.459  0.577  0.423  0.229  0.004 -0.192 -0.372 -0.215 -0.190 -0.391 -0.394 -0.476 -0.546 -0.506 -0.407 -0.159  0.068  0.283  0.411  0.329  0.260  0.119 -0.292 -0.577 -0.622 -0.573
 -0.460 -0.437 -0.373 -0.260  0.080  0.114  0.150  0.007  0.005  0.019  0.126  0.071  0.114 -0.093 -0.066 -0.243 -0.226 -0.327 -0.357 -0.218  0.001  0.286  0.490  0.672  0.650  0.653  0.853  1.000  0.791  0.706  0.752  0.638  0.493  0.468  0.564  0.534  0.535  0.560  0.434  0.411  0.492  0.293  0.309  0.203  0.062  0.031  0.098  0.145  0.260  0.286  0.376  0.498  0.390  0.198  0.003 -0.205 -0.360 -0.223 -0.232 -0.413 -0.424 -0.490 -0.541 -0.522 -0.461 -0.250 -0.031  0.171  0.336  0.263  0.215  0.090 -0.241 -0.488 -0.532 -0.488
 -0.386 -0.330 -0.274 -0.152  0.114  0.136  0.132 -0.016 -0.024  0.002  0.153  0.146  0.177 -0.002 -0.004 -0.195 -0.227 -0.334 -0.384 -0.297 -0.127  0.108  0.263  0.418  0.489  0.614  0.643  0.791  1.000  0.827  0.715  0.753  0.669  0.542  0.555  0.446  0.360  0.365  0.232  0.240  0.331  0.158  0.166  0.066 -0.050 -0.041 -0.001  0.020  0.090  0.091  0.161  0.277  0.189  0.006 -0.158 -0.309 -0.412 -0.317 -0.315 -0.428 -0.433 -0.453 -0.459 -0.401 -0.380 -0.190 -0.054  0.098  0.217  0.134  0.093  0.026 -0.171 -0.328 -0.331 -0.287
 -0.461 -0.357 -0.269 -0.080  0.230  0.269  0.221  0.015  0.017  0.044  0.246  0.236  0.247  0.041  0.010 -0.243 -0.309 -0.451 -0.493 -0.422 -0.259 -0.011  0.203  0.361  0.330  0.515  0.691  0.706  0.827  1.000  0.876  0.773  0.752  0.744  0.733  0.667  0.545  0.527  0.402  0.415  0.503  0.294  0.286  0.192  0.049  0.024  0.085  0.098  0.170  0.132  0.166  0.263  0.142 -0.056 -0.253 -0.393 -0.498 -0.382 -0.345 -0.474 -0.472 -0.497 -0.509 -0.407 -0.344 -0.097  0.061  0.255  0.374  0.301  0.231  0.127 -0.216 -0.479 -0.493 -0.447
 -0.473 -0.392 -0.313 -0.141  0.186  0.229  0.220  0.035  0.038  0.052  0.237  0.192  0.202 -0.010 -0.040 -0.270 -0.314 -0.442 -0.473 -0.396 -0.241 -0.009  0.201  0.369  0.308  0.415  0.680  0.752  0.715  0.876  1.000  0.845  0.733  0.769  0.834  0.773  0.689  0.644  0.525  0.512  0.544  0.345  0.307  0.199  0.039  0.018  0.086  0.098  0.187  0.151  0.197  0.275  0.165 -0.023 -0.217 -0.367 -0.470 -0.346 -0.313 -0.455 -0.465 -0.507 -0.535 -0.456 -0.393 -0.153  0.029  0.240  0.387  0.335  0.279  0.160 -0.211 -0.514 -0.550 -0.511
 -0.361 -0.293 -0.231 -0.103  0.135  0.154  0.138 -0.001  0.007  0.026  0.199  0.180  0.194  0.016 -0.016 -0.200 -0.257 -0.366 -0.412 -0.364 -0.253 -0.090  0.062  0.238  0.226  0.318  0.493  0.638  0.753  0.773  0.845  1.000  0.873  0.739  0.761  0.576  0.413  0.375  0.247  0.255  0.316  0.131  0.114  0.034 -0.072 -0.035  0.002  0.000  0.043  0.004  0.055  0.142  0.059 -0.115 -0.259 -0.375 -0.438 -0.352 -0.330 -0.423 -0.430 -0.431 -0.423 -0.352 -0.344 -0.159 -0.039  0.097  0.208  0.128  0.101  0.030 -0.152 -0.311 -0.309 -0.273
 -0.297 -0.207 -0.143 -0.006  0.180  0.202  0.122 -0.015 -0.001  0.040  0.226  0.235  0.233  0.086  0.033 -0.155 -0.238 -0.352 -0.405 -0.383 -0.297 -0.167 -0.035  0.143  0.129  0.219  0.380  0.493  0.669  0.752  0.733  0.873  1.000  0.859  0.748  0.563  0.285  0.237  0.124  0.161  0.263  0.053  0.048 -0.001 -0.080 -0.038 -0.010 -0.019 -0.006 -0.060 -0.022  0.069 -0.017 -0.185 -0.311 -0.396 -0.438 -0.370 -0.345 -0.413 -0.405 -0.377 -0.346 -0.247 -0.243 -0.072  0.004  0.104  0.184  0.104  0.067  0.000 -0.141 -0.267 -0.244 -0.211
 -0.342 -0.237 -0.167 -0.003  0.212  0.260  0.168  0.015  0.028  0.075  0.272  0.265  0.245  0.094  0.022 -0.188 -0.281 -0.405 -0.445 -0.423 -0.328 -0.173 -0.014  0.148  0.103  0.186  0.409  0.468  0.542  0.744  0.769  0.739  0.859  1.000  0.897  0.782  0.504  0.412  0.324  0.353  0.422  0.193  0.158  0.095 -0.019 -0.015  0.030  0.030  0.066  0.005  0.029  0.096 -0.012 -0.175 -0.320 -0.405 -0.458 -0.377 -0.338 -0.424 -0.411 -0.399 -0.387 -0.274 -0.238 -0.046  0.052  0.199  0.304  0.269  0.217  0.119 -0.154 -0.393 -0.397 -0.368
 -0.416 -0.327 -0.259 -0.088  0.190  0.245  0.199  0.042  0.049  0.066  0.258  0.228  0.220  0.031 -0.028 -0.242 -0.312 -0.437 -0.467 -0.421 -0.300 -0.107  0.071  0.227  0.171  0.243  0.493  0.564  0.555  0.733  0.834  0.761  0.748  0.897  1.000  0.894  0.686  0.565  0.470  0.506  0.532  0.311  0.255  0.163  0.010 -0.002  0.058  0.065  0.136  0.082  0.116  0.175  0.062 -0.106 -0.275 -0.389 -0.467 -0.362 -0.322 -0.440 -0.437 -0.456 -0.471 -0.381 -0.327 -0.116  0.034  0.235  0.386  0.367  0.320  0.202 -0.155 -0.473 -0.505 -0.475
 -0.453 -0.369 -0.304 -0.132  0.174  0.249  0.220  0.065  0.056  0.055  0.218  0.174  0.160 -0.028 -0.074 -0.285 -0.334 -0.444 -0.450 -0.392 -0.260 -0.037  0.147  0.263  0.195  0.266  0.516  0.534  0.446  0.667  0.773  0.576  0.563  0.782  0.894  1.000  0.835  0.681  0.590  0.634  0.625  0.437  0.367  0.268  0.095  0.035  0.111  0.129  0.225  0.180  0.202  0.232  0.121 -0.023 -0.204 -0.323 -0.415 -0.296 -0.252 -0.387 -0.389 -0.443 -0.494 -0.415 -0.319 -0.106  0.070  0.305  0.458  0.478  0.415  0.286 -0.152 -0.539 -0.597 -0.572
 -0.469 -0.412 -0.352 -0.200  0.125  0.195  0.227  0.081  0.070  0.053  0.177  0.105  0.098 -0.093 -0.112 -0.301 -0.320 -0.411 -0.400 -0.320 -0.181  0.058  0.261  0.314  0.234  0.339  0.568  0.535  0.360  0.545  0.689  0.413  0.285  0.504  0.686  0.835  1.000  0.877  0.754  0.723  0.628  0.539  0.450  0.324  0.136  0.051  0.130  0.156  0.286  0.273  0.296  0.291  0.190  0.075 -0.110 -0.238 -0.343 -0.215 -0.167 -0.315 -0.336 -0.426 -0.508 -0.463 -0.354 -0.145  0.055  0.302  0.458  0.492  0.434  0.317 -0.149 -0.554 -0.631 -0.604
 -0.489 -0.436 -0.370 -0.217  0.117  0.189  0.258  0.099  0.090  0.061  0.167  0.083  0.083 -0.117 -0.120 -0.307 -0.322 -0.412 -0.392 -0.298 -0.154  0.105  0.341  0.379  0.275  0.408  0.642  0.560  0.365  0.527  0.644  0.375  0.237  0.412  0.565  0.681  0.877  1.000  0.856  0.692  0.651  0.594  0.515  0.377  0.191  0.085  0.168  0.203  0.340  0.343  0.358  0.351  0.239  0.129 -0.067 -0.203 -0.318 -0.178 -0.127 -0.289 -0.320 -0.428 -0.519 -0.476 -0.361 -0.138  0.070  0.323  0.455  0.475  0.402  0.266 -0.206 -0.580 -0.652 -0.620
 -0.432 -0.390 -0.341 -0.201  0.099  0.175  0.273  0.129  0.109  0.066  0.150  0.057  0.056 -0.118 -0.120 -0.275 -0.286 -0.354 -0.327 -0.245 -0.126  0.096  0.289  0.289  0.207  0.323  0.518  0.434  0.232  0.402  0.525  0.247  0.124  0.324  0.470  0.590  0.754  0.856  1.000  0.795  0.696  0.673  0.551  0.393  0.191  0.060  0.151  0.182  0.324  0.327  0.322  0.282  0.197  0.131 -0.040 -0.150 -0.245 -0.121 -0.071 -0.217 -0.254 -0.370 -0.458 -0.426 -0.315 -0.122  0.070  0.329  0.471  0.537  0.491  0.356 -0.158 -0.547 -0.647 -0.632
 -0.489 -0.426 -0.377 -0.197  0.150  0.253  0.277  0.118  0.101  0.077  0.175  0.089  0.065 -0.140 -0.164 -0.338 -0.339 -0.406 -0.365 -0.284 -0.151  0.104  0.277  0.296  0.226  0.288  0.458  0.411  0.240  0.415  0.512  0.255  0.161  0.353  0.506  0.634  0.723  0.692  0.795  1.000  0.839  0.757  0.612  0.456  0.223  0.063  0.168  0.215  0.373  0.359  0.347  0.306  0.220  0.150 -0.037 -0.155 -0.267 -0.126 -0.072 -0.231 -0.254 -0.388 -0.496 -0.452 -0.304 -0.100  0.124  0.412  0.610  0.705  0.703  0.579 -0.116 -0.600 -0.713 -0.701
 -0.545 -0.468 -0.380 -0.161  0.224  0.339  0.337  0.133  0.111  0.073  0.196  0.133  0.107 -0.137 -0.163 -0.373 -0.386 -0.471 -0.423 -0.328 -0.176  0.121  0.335  0.391  0.287  0.335  0.551  0.492  0.331  0.503  0.544  0.316  0.263  0.422  0.532  0.625  0.628  0.651  0.696  0.839  1.000  0.776  0.682  0.543  0.303  0.118  0.229  0.294  0.451  0.437  0.423  0.395  0.276  0.182 -0.033 -0.172 -0.306 -0.134 -0.070 -0.266 -0.282 -0.424 -0.531 -0.461 -0.294 -0.044  0.219  0.527  0.719  0.755  0.684  0.490 -0.234 -0.671 -0.763 -0.745
 -0.474 -0.405 -0.340 -0.136  0.213  0.306  0.343  0.137  0.125  0.068  0.162  0.106  0.083 -0.139 -0.166 -0.342 -0.354 -0.409 -0.349 -0.281 -0.175  0.076  0.268  0.217  0.147  0.274  0.387  0.293  0.158  0.294  0.345  0.131  0.053  0.193  0.311  0.437  0.539  0.594  0.673  0.757  0.776  1.000  0.829  0.615  0.340  0.092  0.192  0.262  0.445  0.448  0.374  0.260  0.169  0.157 -0.026 -0.112 -0.208 -0.066  0.013 -0.135 -0.165 -0.323 -0.434 -0.379 -0.217 -0.002  0.235  0.530  0.689  0.787  0.660  0.530 -0.150 -0.575 -0.680 -0.673
 -0.508 -0.436 -0.337 -0.118  0.244  0.335  0.355  0.144  0.126  0.046  0.141  0.111  0.083 -0.156 -0.195 -0.381 -0.395 -0.453 -0.378 -0.299 -0.183  0.117  0.359  0.309  0.182  0.314  0.440  0.309  0.166  0.286  0.307  0.114  0.048  0.158  0.255  0.367  0.450  0.515  0.551  0.612  0.682  0.829  1.000  0.819  0.536  0.222  0.324  0.402  0.597  0.594  0.495  0.386  0.255  0.219  0.008 -0.093 -0.213 -0.041  0.050 -0.127 -0.146 -0.307 -0.423 -0.358 -0.179  0.057  0.340  0.646  0.707  0.692  0.538  0.378 -0.243 -0.615 -0.693 -0.672
 -0.470 -0.404 -0.280 -0.068  0.243  0.334  0.321  0.132  0.126  0.031  0.081  0.073  0.035 -0.187 -0.241 -0.414 -0.408 -0.433 -0.332 -0.268 -0.191  0.096  0.314  0.274  0.112  0.207  0.341  0.203  0.066  0.192  0.199  0.034 -0.001  0.095  0.163  0.268  0.324  0.377  0.393  0.456  0.543  0.615  0.819  1.000  0.796  0.442  0.530  0.593  0.661  0.587  0.484  0.384  0.269  0.241  0.036 -0.047 -0.152  0.016  0.108 -0.055 -0.057 -0.195 -0.316 -0.251 -0.048  0.166  0.447  0.708  0.635  0.572  0.411  0.244 -0.290 -0.580 -0.639 -0.619
 -0.345 -0.298 -0.185 -0.043  0.154  0.217  0.194  0.067  0.065 -0.023 -0.016  0.004 -0.025 -0.182 -0.234 -0.362 -0.351 -0.343 -0.222 -0.190 -0.162  0.066  0.252  0.200  0.021  0.100  0.209  0.062 -0.050  0.049  0.039 -0.072 -0.080 -0.019  0.010  0.095  0.136  0.191  0.191  0.223  0.303  0.340  0.536  0.796  1.000  0.687  0.588  0.612  0.542  0.516  0.419  0.325  0.220  0.215  0.063  0.027 -0.062  0.068  0.160  0.039  0.072 -0.007 -0.141 -0.103  0.105  0.243  0.422  0.541  0.405  0.317  0.196  0.075 -0.261 -0.410 -0.447 -0.431
 -0.225 -0.197 -0.109 -0.024  0.080  0.116  0.097  0.036  0.046 -0.023 -0.033 -0.019 -0.024 -0.122 -0.143 -0.233 -0.229 -0.225 -0.155 -0.133 -0.125  0.014  0.140  0.136 -0.012  0.031  0.129  0.031 -0.041  0.024  0.018 -0.035 -0.038 -0.015 -0.002  0.035  0.051  0.085  0.060  0.063  0.118  0.092  0.222  0.442  0.687  1.000  0.704  0.520  0.331  0.291  0.252  0.224  0.155  0.119  0.015 -0.014 -0.065  0.016  0.066  0.001  0.023 -0.008 -0.098 -0.084  0.021  0.105  0.248  0.314  0.185  0.085  0.016 -0.062 -0.202 -0.257 -0.262 -0.248
 -0.309 -0.270 -0.175 -0.070  0.090  0.141  0.137  0.069  0.082  0.005 -0.001 -0.003 -0.019 -0.142 -0.167 -0.282 -0.274 -0.276 -0.193 -0.152 -0.124  0.057  0.208  0.204  0.036  0.085  0.205  0.098 -0.001  0.085  0.086  0.002 -0.010  0.030  0.058  0.111  0.130  0.168  0.151  0.168  0.229  0.192  0.324  0.530  0.588  0.704  1.000  0.755  0.541  0.376  0.308  0.288  0.216  0.178  0.039 -0.013 -0.078  0.029  0.086 -0.013 -0.012 -0.082 -0.179 -0.154 -0.036  0.067  0.231  0.365  0.269  0.186  0.107  0.006 -0.256 -0.359 -0.384 -0.373
 -0.356 -0.329 -0.213 -0.098  0.098  0.144  0.116  0.020  0.069  0.039  0.014  0.005 -0.023 -0.169 -0.196 -0.318 -0.302 -0.317 -0.227 -0.165 -0.106  0.124  0.313  0.293  0.103  0.137  0.261  0.145  0.020  0.098  0.098  0.000 -0.019  0.030  0.065  0.129  0.156  0.203  0.182  0.215  0.294  0.262  0.402  0.593  0.612  0.520  0.755  1.000  0.779  0.580  0.453  0.404  0.284  0.249  0.081  0.007 -0.085  0.057  0.127 -0.014 -0.018 -0.114 -0.224 -0.200 -0.061  0.079  0.255  0.364  0.315  0.260  0.174  0.060 -0.291 -0.409 -0.453 -0.438
 -0.465 -0.438 -0.310 -0.168  0.115  0.178  0.162  0.040  0.088  0.069  0.053  0.009 -0.030 -0.226 -0.253 -0.392 -0.358 -0.374 -0.257 -0.170 -0.078  0.228  0.460  0.417  0.214  0.248  0.385  0.260  0.090  0.170  0.187  0.043 -0.006  0.066  0.136  0.225  0.286  0.340  0.324  0.373  0.451  0.445  0.597  0.661  0.542  0.331  0.541  0.779  1.000  0.806  0.641  0.546  0.392  0.372  0.165  0.061 -0.066  0.124  0.210  0.010 -0.021 -0.191 -0.340 -0.320 -0.141  0.046  0.274  0.437  0.447  0.420  0.322  0.185 -0.321 -0.540 -0.604 -0.581
 -0.470 -0.470 -0.356 -0.251  0.034  0.094  0.096 -0.006  0.038  0.029 -0.009 -0.076 -0.114 -0.307 -0.308 -0.417 -0.358 -0.352 -0.213 -0.094  0.016  0.362  0.583  0.510  0.308  0.304  0.410  0.286  0.091  0.132  0.151  0.004 -0.060  0.005  0.082  0.180  0.273  0.343  0.327  0.359  0.437  0.448  0.594  0.587  0.516  0.291  0.376  0.580  0.806  1.000  0.854  0.688  0.515  0.521  0.297  0.170  0.019  0.231  0.310  0.081  0.044 -0.153 -0.348 -0.357 -0.157  0.006  0.235  0.358  0.406  0.392  0.309  0.169 -0.312 -0.514 -0.581 -0.554
 -0.490 -0.536 -0.418 -0.345 -0.035  0.032  0.052 -0.022  0.019  0.023 -0.050 -0.151 -0.184 -0.386 -0.351 -0.436 -0.322 -0.301 -0.157  0.002  0.145  0.519  0.687  0.640  0.447  0.360  0.459  0.376  0.161  0.166  0.197  0.055 -0.022  0.029  0.116  0.202  0.296  0.358  0.322  0.347  0.423  0.374  0.495  0.484  0.419  0.252  0.308  0.453  0.641  0.854  1.000  0.860  0.720  0.692  0.444  0.249  0.077  0.310  0.329  0.066  0.009 -0.202 -0.410 -0.452 -0.239 -0.084  0.163  0.283  0.361  0.340  0.285  0.124 -0.320 -0.511 -0.578 -0.544
 -0.466 -0.530 -0.430 -0.372 -0.058  0.004  0.033 -0.035  0.002  0.017 -0.049 -0.147 -0.151 -0.345 -0.282 -0.362 -0.230 -0.232 -0.140  0.047  0.249  0.636  0.789  0.798  0.605  0.483  0.577  0.498  0.277  0.263  0.275  0.142  0.069  0.096  0.175  0.232  0.291  0.351  0.282  0.306  0.395  0.260  0.386  0.384  0.325  0.224  0.288  0.404  0.546  0.688  0.860  1.000  0.847  0.710  0.461  0.209  0.008  0.222  0.179 -0.084 -0.125 -0.290 -0.453 -0.500 -0.328 -0.170  0.075  0.209  0.306  0.249  0.212  0.052 -0.328 -0.501 -0.557 -0.514
 -0.384 -0.501 -0.426 -0.438 -0.178 -0.123 -0.044 -0.048 -0.029 -0.023 -0.154 -0.283 -0.284 -0.439 -0.334 -0.349 -0.150 -0.078  0.045  0.246  0.404  0.716  0.704  0.713  0.580  0.391  0.423  0.390  0.189  0.142  0.165  0.059 -0.017 -0.012  0.062  0.121  0.190  0.239  0.197  0.220  0.276  0.169  0.255  0.269  0.220  0.155  0.216  0.284  0.392  0.515  0.720  0.847  1.000  0.854  0.638  0.377  0.222  0.404  0.290  0.064 -0.018 -0.197 -0.370 -0.465 -0.300 -0.225 -0.006  0.090  0.178  0.142  0.139  0.007 -0.276 -0.375 -0.432 -0.396
 -0.302 -0.457 -0.403 -0.467 -0.275 -0.224 -0.119 -0.076 -0.067 -0.064 -0.251 -0.392 -0.409 -0.527 -0.420 -0.356 -0.115  0.031  0.218  0.414  0.509  0.759  0.657  0.562  0.459  0.261  0.229  0.198  0.006 -0.056 -0.023 -0.115 -0.185 -0.175 -0.106 -0.023  0.075  0.129  0.131  0.150  0.182  0.157  0.219  0.241  0.215  0.119  0.178  0.249  0.372  0.521  0.692  0.710  0.854  1.000  0.840  0.606  0.471  0.642  0.507  0.300  0.188 -0.036 -0.238 -0.368 -0.189 -0.197 -0.024  0.030  0.094  0.103  0.113  0.012 -0.243 -0.275 -0.341 -0.316
 -0.079 -0.267 -0.279 -0.425 -0.378 -0.360 -0.241 -0.129 -0.138 -0.120 -0.340 -0.462 -0.467 -0.488 -0.367 -0.197  0.071  0.276  0.475  0.638  0.653  0.706  0.489  0.368  0.335  0.093  0.004  0.003 -0.158 -0.253 -0.217 -0.259 -0.311 -0.320 -0.275 -0.204 -0.110 -0.067 -0.040 -0.037 -0.033 -0.026  0.008  0.036  0.063  0.015  0.039  0.081  0.165  0.297  0.444  0.461  0.638  0.840  1.000  0.820  0.694  0.760  0.583  0.463  0.349  0.133 -0.037 -0.200 -0.072 -0.195 -0.126 -0.150 -0.113 -0.075 -0.028 -0.062 -0.143 -0.056 -0.108 -0.096
  0.075 -0.079 -0.128 -0.302 -0.382 -0.375 -0.277 -0.134 -0.163 -0.170 -0.368 -0.435 -0.448 -0.398 -0.312 -0.112  0.119  0.346  0.590  0.624  0.531  0.477  0.277  0.111  0.105 -0.070 -0.192 -0.205 -0.309 -0.393 -0.367 -0.375 -0.396 -0.405 -0.389 -0.323 -0.238 -0.203 -0.150 -0.155 -0.172 -0.112 -0.093 -0.047  0.027 -0.014 -0.013  0.007  0.061  0.170  0.249  0.209  0.377  0.606  0.820  1.000  0.834  0.774  0.697  0.661  0.600  0.354  0.176  0.009  0.111 -0.096 -0.124 -0.195 -0.217 -0.154 -0.101 -0.083 -0.072  0.078  0.041  0.039
  0.193  0.023 -0.039 -0.260 -0.431 -0.448 -0.343 -0.140 -0.161 -0.153 -0.408 -0.487 -0.504 -0.395 -0.315 -0.066  0.145  0.425  0.669  0.687  0.481  0.336  0.078 -0.085 -0.052 -0.217 -0.372 -0.360 -0.412 -0.498 -0.470 -0.438 -0.438 -0.458 -0.467 -0.415 -0.343 -0.318 -0.245 -0.267 -0.306 -0.208 -0.213 -0.152 -0.062 -0.065 -0.078 -0.085 -0.066  0.019  0.077  0.008  0.222  0.471  0.694  0.834  1.000  0.872  0.723  0.772  0.617  0.419  0.296  0.133  0.182 -0.072 -0.152 -0.284 -0.330 -0.256 -0.182 -0.129  0.013  0.238  0.218  0.199
 -0.001 -0.169 -0.149 -0.317 -0.381 -0.371 -0.277 -0.133 -0.130 -0.114 -0.371 -0.481 -0.517 -0.494 -0.423 -0.240 -0.025  0.240  0.505  0.573  0.409  0.410  0.220  0.075  0.043 -0.120 -0.215 -0.223 -0.317 -0.382 -0.346 -0.352 -0.370 -0.377 -0.362 -0.296 -0.215 -0.178 -0.121 -0.126 -0.134 -0.066 -0.041  0.016  0.068  0.016  0.029  0.057  0.124  0.231  0.310  0.222  0.404  0.642  0.760  0.774  0.872  1.000  0.854  0.750  0.551  0.310  0.152  0.004  0.109 -0.063 -0.058 -0.151 -0.174 -0.117 -0.066 -0.075 -0.102  0.053  0.028  0.023
 -0.043 -0.150 -0.106 -0.224 -0.285 -0.265 -0.207 -0.099 -0.110 -0.130 -0.316 -0.381 -0.429 -0.427 -0.398 -0.276 -0.119  0.109  0.367  0.402  0.228  0.253  0.164  0.016 -0.052 -0.138 -0.190 -0.232 -0.315 -0.345 -0.313 -0.330 -0.345 -0.338 -0.322 -0.252 -0.167 -0.127 -0.071 -0.072 -0.070  0.013  0.050  0.108  0.160  0.066  0.086  0.127  0.210  0.310  0.329  0.179  0.290  0.507  0.583  0.697  0.723  0.854  1.000  0.830  0.692  0.390  0.199  0.064  0.185  0.027  0.033 -0.039 -0.088 -0.032 -0.004 -0.024 -0.121 -0.016 -0.044 -0.048
  0.154  0.053  0.039 -0.128 -0.313 -0.321 -0.263 -0.117 -0.128 -0.145 -0.342 -0.380 -0.418 -0.330 -0.305 -0.134 -0.008  0.236  0.463  0.444  0.211  0.119 -0.039 -0.207 -0.207 -0.270 -0.391 -0.413 -0.428 -0.474 -0.455 -0.423 -0.413 -0.424 -0.440 -0.387 -0.315 -0.289 -0.217 -0.231 -0.266 -0.135 -0.127 -0.055  0.039  0.001 -0.013 -0.014  0.010  0.081  0.066 -0.084  0.064  0.300  0.463  0.661  0.772  0.750  0.830  1.000  0.827  0.546  0.386  0.242  0.300  0.066 -0.022 -0.158 -0.251 -0.185 -0.135 -0.088 -0.011  0.194  0.178  0.161
  0.211  0.158  0.112 -0.053 -0.268 -0.282 -0.248 -0.106 -0.151 -0.198 -0.342 -0.319 -0.348 -0.234 -0.216 -0.049  0.038  0.219  0.400  0.342  0.149  0.046 -0.082 -0.235 -0.235 -0.282 -0.394 -0.424 -0.433 -0.472 -0.465 -0.430 -0.405 -0.411 -0.437 -0.389 -0.336 -0.320 -0.254 -0.254 -0.282 -0.165 -0.146 -0.057  0.072  0.023 -0.012 -0.018 -0.021  0.044  0.009 -0.125 -0.018  0.188  0.349  0.600  0.617  0.551  0.692  0.827  1.000  0.761  0.523  0.345  0.438  0.137  0.009 -0.125 -0.242 -0.183 -0.138 -0.078  0.016  0.208  0.190  0.173
  0.434  0.381  0.297  0.068 -0.264 -0.312 -0.297 -0.136 -0.188 -0.204 -0.331 -0.268 -0.278 -0.072 -0.049  0.158  0.182  0.299  0.372  0.256  0.080 -0.107 -0.242 -0.354 -0.324 -0.361 -0.476 -0.490 -0.453 -0.497 -0.507 -0.431 -0.377 -0.399 -0.456 -0.443 -0.426 -0.428 -0.370 -0.388 -0.424 -0.323 -0.307 -0.195 -0.007 -0.008 -0.082 -0.114 -0.191 -0.153 -0.202 -0.290 -0.197 -0.036  0.133  0.354  0.419  0.310  0.390  0.546  0.761  1.000  0.763  0.543  0.558  0.196 -0.041 -0.226 -0.361 -0.317 -0.254 -0.147  0.117  0.367  0.369  0.343
  0.653  0.603  0.510  0.262 -0.190 -0.281 -0.317 -0.175 -0.214 -0.176 -0.305 -0.190 -0.167  0.124  0.171  0.418  0.377  0.415  0.364  0.216  0.057 -0.231 -0.384 -0.462 -0.395 -0.423 -0.546 -0.541 -0.459 -0.509 -0.535 -0.423 -0.346 -0.387 -0.471 -0.494 -0.508 -0.519 -0.458 -0.496 -0.531 -0.434 -0.423 -0.316 -0.141 -0.098 -0.179 -0.224 -0.340 -0.348 -0.410 -0.453 -0.370 -0.238 -0.037  0.176  0.296  0.152  0.199  0.386  0.523  0.763  1.000  0.813  0.607  0.280 -0.045 -0.286 -0.441 -0.407 -0.342 -0.206  0.165  0.473  0.501  0.471
  0.570  0.635  0.614  0.480  0.019 -0.082 -0.222 -0.164 -0.192 -0.120 -0.158  0.000  0.011  0.290  0.267  0.388  0.263  0.253  0.202  0.035 -0.116 -0.375 -0.453 -0.511 -0.462 -0.423 -0.506 -0.522 -0.401 -0.407 -0.456 -0.352 -0.247 -0.274 -0.381 -0.415 -0.463 -0.476 -0.426 -0.452 -0.461 -0.379 -0.358 -0.251 -0.103 -0.084 -0.154 -0.200 -0.320 -0.357 -0.452 -0.500 -0.465 -0.368 -0.200  0.009  0.133  0.004  0.064  0.242  0.345  0.543  0.813  1.000  0.767  0.495  0.124 -0.147 -0.336 -0.320 -0.288 -0.170  0.150  0.393  0.443  0.415
  0.308  0.381  0.453  0.430  0.109  0.044 -0.120 -0.119 -0.157 -0.118 -0.134  0.002 -0.030  0.139  0.077  0.097  0.038  0.076  0.142  0.007 -0.147 -0.287 -0.319 -0.399 -0.408 -0.360 -0.407 -0.461 -0.380 -0.344 -0.393 -0.344 -0.243 -0.238 -0.327 -0.319 -0.354 -0.361 -0.315 -0.304 -0.294 -0.217 -0.179 -0.048  0.105  0.021 -0.036 -0.061 -0.141 -0.157 -0.239 -0.328 -0.300 -0.189 -0.072  0.111  0.182  0.109  0.185  0.300  0.438  0.558  0.607  0.767  1.000  0.685  0.340  0.058 -0.149 -0.148 -0.143 -0.084  0.074  0.208  0.234  0.212
  0.063  0.181  0.382  0.596  0.435  0.388  0.094 -0.099 -0.054  0.043  0.081  0.209  0.168  0.220  0.113 -0.011 -0.110 -0.157 -0.118 -0.219 -0.290 -0.308 -0.217 -0.247 -0.320 -0.210 -0.159 -0.250 -0.190 -0.097 -0.153 -0.159 -0.072 -0.046 -0.116 -0.106 -0.145 -0.138 -0.122 -0.100 -0.044 -0.002  0.057  0.166  0.243  0.105  0.067  0.079  0.046  0.006 -0.084 -0.170 -0.225 -0.197 -0.195 -0.096 -0.072 -0.063  0.027  0.066  0.137  0.196  0.280  0.495  0.685  1.000  0.703  0.334  0.109  0.062 -0.004 -0.014 -0.072 -0.074 -0.031 -0.036
 -0.197 -0.078  0.163  0.440  0.579  0.529  0.247  0.012  0.063  0.090  0.131  0.211  0.180  0.073  0.002 -0.188 -0.259 -0.307 -0.260 -0.277 -0.280 -0.166 -0.017 -0.018 -0.146 -0.058  0.068 -0.031 -0.054  0.061  0.029 -0.039  0.004  0.052  0.034  0.070  0.055  0.070  0.070  0.124  0.219  0.235  0.340  0.447  0.422  0.248  0.231  0.255  0.274  0.235  0.163  0.075 -0.006 -0.024 -0.126 -0.124 -0.152 -0.058  0.033 -0.022  0.009 -0.041 -0.045  0.124  0.340  0.703  1.000  0.655  0.424  0.307  0.183  0.073 -0.194 -0.327 -0.319 -0.311
 -0.423 -0.283 -0.135  0.168  0.487  0.600  0.512  0.273  0.204  0.038  0.197  0.257  0.221 -0.004 -0.101 -0.329 -0.394 -0.472 -0.415 -0.399 -0.327 -0.090  0.128  0.142  0.010  0.121  0.283  0.171  0.098  0.255  0.240  0.097  0.104  0.199  0.235  0.305  0.302  0.323  0.329  0.412  0.527  0.530  0.646  0.708  0.541  0.314  0.365  0.364  0.437  0.358  0.283  0.209  0.090  0.030 -0.150 -0.195 -0.284 -0.151 -0.039 -0.158 -0.125 -0.226 -0.286 -0.147  0.058  0.334  0.655  1.000  0.787  0.602  0.403  0.208 -0.239 -0.564 -0.588 -0.569
 -0.505 -0.384 -0.275  0.005  0.422  0.536  0.458  0.216  0.152  0.047  0.231  0.237  0.211 -0.049 -0.124 -0.359 -0.404 -0.491 -0.447 -0.388 -0.266  0.009  0.229  0.272  0.157  0.226  0.411  0.336  0.217  0.374  0.387  0.208  0.184  0.304  0.386  0.458  0.458  0.455  0.471  0.610  0.719  0.689  0.707  0.635  0.405  0.185  0.269  0.315  0.447  0.406  0.361  0.306  0.178  0.094 -0.113 -0.217 -0.330 -0.174 -0.088 -0.251 -0.242 -0.361 -0.441 -0.336 -0.149  0.109  0.424  0.787  1.000  0.820  0.632  0.397 -0.200 -0.629 -0.687 -0.670
 -0.451 -0.351 -0.276 -0.043  0.309  0.420  0.331  0.123  0.100  0.055  0.190  0.183  0.148 -0.072 -0.140 -0.334 -0.365 -0.433 -0.380 -0.328 -0.219  0.027  0.208  0.206  0.131  0.189  0.329  0.263  0.134  0.301  0.335  0.128  0.104  0.269  0.367  0.478  0.492  0.475  0.537  0.705  0.755  0.787  0.692  0.572  0.317  0.085  0.186  0.260  0.420  0.392  0.340  0.249  0.142  0.103 -0.075 -0.154 -0.256 -0.117 -0.032 -0.185 -0.183 -0.317 -0.407 -0.320 -0.148  0.062  0.307  0.602  0.820  1.000  0.815  0.588 -0.104 -0.586 -0.677 -0.670
 -0.379 -0.312 -0.264 -0.103  0.175  0.274  0.179  0.064  0.018  0.026  0.125  0.081  0.039 -0.124 -0.169 -0.302 -0.306 -0.347 -0.291 -0.238 -0.153  0.045  0.175  0.177  0.118  0.140  0.260  0.215  0.093  0.231  0.279  0.101  0.067  0.217  0.320  0.415  0.434  0.402  0.491  0.703  0.684  0.660  0.538  0.411  0.196  0.016  0.107  0.174  0.322  0.309  0.285  0.212  0.139  0.113 -0.028 -0.101 -0.182 -0.066 -0.004 -0.135 -0.138 -0.254 -0.342 -0.288 -0.143 -0.004  0.183  0.403  0.632  0.815  1.000  0.809  0.067 -0.459 -0.590 -0.601
 -0.230 -0.174 -0.166 -0.057  0.103  0.162  0.086 -0.015 -0.019  0.036  0.114  0.092  0.045 -0.046 -0.096 -0.178 -0.187 -0.220 -0.191 -0.173 -0.120 -0.016  0.061  0.038  0.033  0.071  0.119  0.090  0.026  0.127  0.160  0.030  0.000  0.119  0.202  0.286  0.317  0.266  0.356  0.579  0.490  0.530  0.378  0.244  0.075 -0.062  0.006  0.060  0.185  0.169  0.124  0.052  0.007  0.012 -0.062 -0.083 -0.129 -0.075 -0.024 -0.088 -0.078 -0.147 -0.206 -0.170 -0.084 -0.014  0.073  0.208  0.397  0.588  0.809  1.000  0.191 -0.268 -0.423 -0.448
  0.239  0.234  0.120  0.029 -0.123 -0.145 -0.146 -0.005 -0.139 -0.155 -0.117 -0.061 -0.036  0.091  0.099  0.173  0.150  0.171  0.110  0.054 -0.016 -0.175 -0.275 -0.287 -0.177 -0.192 -0.292 -0.241 -0.171 -0.216 -0.211 -0.152 -0.141 -0.154 -0.155 -0.152 -0.149 -0.206 -0.158 -0.116 -0.234 -0.150 -0.243 -0.290 -0.261 -0.202 -0.256 -0.291 -0.321 -0.312 -0.320 -0.328 -0.276 -0.243 -0.143 -0.072  0.013 -0.102 -0.121 -0.011  0.016  0.117  0.165  0.150  0.074 -0.072 -0.194 -0.239 -0.200 -0.104  0.067  0.191  1.000  0.473  0.248  0.135
  0.514  0.421  0.283  0.041 -0.334 -0.421 -0.411 -0.188 -0.228 -0.205 -0.322 -0.243 -0.211  0.052  0.091  0.322  0.330  0.429  0.374  0.283  0.121 -0.193 -0.427 -0.472 -0.317 -0.372 -0.577 -0.488 -0.328 -0.479 -0.514 -0.311 -0.267 -0.393 -0.473 -0.539 -0.554 -0.580 -0.547 -0.600 -0.671 -0.575 -0.615 -0.580 -0.410 -0.257 -0.359 -0.409 -0.540 -0.514 -0.511 -0.501 -0.375 -0.275 -0.056  0.078  0.238  0.053 -0.016  0.194  0.208  0.367  0.473  0.393  0.208 -0.074 -0.327 -0.564 -0.629 -0.586 -0.459 -0.268  0.473  1.000  0.815  0.671
  0.543  0.470  0.335  0.103 -0.311 -0.402 -0.420 -0.225 -0.244 -0.181 -0.283 -0.203 -0.174  0.096  0.127  0.357  0.340  0.426  0.360  0.254  0.076 -0.260 -0.497 -0.523 -0.364 -0.411 -0.622 -0.532 -0.331 -0.493 -0.550 -0.309 -0.244 -0.397 -0.505 -0.597 -0.631 -0.652 -0.647 -0.713 -0.763 -0.680 -0.693 -0.639 -0.447 -0.262 -0.384 -0.453 -0.604 -0.581 -0.578 -0.557 -0.432 -0.341 -0.108  0.041  0.218  0.028 -0.044  0.178  0.190  0.369  0.501  0.443  0.234 -0.031 -0.319 -0.588 -0.687 -0.677 -0.590 -0.423  0.248  0.815  1.000  0.913
  0.511  0.443  0.316  0.098 -0.297 -0.389 -0.408 -0.245 -0.256 -0.181 -0.263 -0.187 -0.153  0.096  0.130  0.343  0.326  0.402  0.336  0.240  0.080 -0.231 -0.458 -0.478 -0.326 -0.367 -0.573 -0.488 -0.287 -0.447 -0.511 -0.273 -0.211 -0.368 -0.475 -0.572 -0.604 -0.620 -0.632 -0.701 -0.745 -0.673 -0.672 -0.619 -0.431 -0.248 -0.373 -0.438 -0.581 -0.554 -0.544 -0.514 -0.396 -0.316 -0.096  0.039  0.199  0.023 -0.048  0.161  0.173  0.343  0.471  0.415  0.212 -0.036 -0.311 -0.569 -0.670 -0.670 -0.601 -0.448  0.135  0.671  0.913  1.000
