  0.000  3.832  6.773 10.357 13.268 16.744 19.750 23.308 24.782 22.472 19.811 16.135 13.869 10.361  8.332  5.538  5.457  5.872  7.628 10.805 10.748 13.740 14.513 16.807 14.173 12.412 16.031 16.606 13.901 15.751 18.933 18.065 17.194 19.917 22.350 22.491 23.555 21.474 24.614 25.066 21.701 21.125 17.925 18.673 16.899 19.152 22.225 21.735 21.216 18.516 20.089 19.233 19.392 17.269 13.672 10.922 11.887 15.484 15.139 13.227 10.436  8.345  5.656  7.685  9.967 12.613 13.910 17.396 18.761 22.445 24.453 27.430 30.056 31.753 33.507 34.827
  3.832  0.000  3.827  6.869 10.062 13.341 16.412 19.925 21.200 18.793 16.104 12.402 10.350  6.823  5.722  4.621  6.227  8.398  9.976 13.141 12.203 14.480 14.275 16.534 14.149 11.534 14.702 15.639 12.567 13.620 17.105 16.385 14.841 17.245 20.066 20.221 21.783 20.049 23.203 23.127 19.699 19.254 16.058 16.773 15.240 17.587 20.495 20.429 19.932 17.693 19.735 19.018 19.919 17.998 14.790 11.738 13.565 16.752 15.622 14.119 10.658  8.825  5.624  5.511  7.920  9.814 11.405 14.651 16.067 19.839 21.891 25.114 27.692 29.495 31.319 32.678
  6.773  3.827  0.000  3.819  6.721 10.067 13.258 16.781 18.406 16.160 13.815 10.157  8.511  6.006  5.444  6.428  7.143  9.620 10.268 13.299 11.909 13.231 12.127 14.683 13.040  9.793 12.551 14.315 11.631 11.826 15.564 15.660 13.961 15.662 18.489 18.050 19.626 17.749 20.606 20.248 16.657 15.891 12.556 13.070 11.660 14.181 16.892 16.921 16.452 14.547 16.971 16.645 18.078 16.158 13.446 10.215 12.704 15.273 13.490 12.602  8.835  8.049  5.971  4.808  5.299  6.381  7.606 10.890 12.516 16.284 18.597 21.830 24.487 26.380 28.220 29.592
 10.357  6.869  3.819  0.000  3.822  6.556  9.916 13.344 14.759 12.416 10.170  6.531  5.762  4.708  6.258  8.870 10.260 13.169 13.801 16.596 14.757 15.393 13.449 15.708 14.534 10.836 12.582 14.694 11.992 10.989 14.807 15.223 12.839 13.799 16.976 16.451 18.580 17.198 19.885 18.849 15.305 14.702 11.598 11.984 11.117 13.571 15.833 16.424 16.003 14.856 17.657 17.531 19.642 18.049 15.915 12.834 15.682 17.725 15.402 14.998 11.209 10.844  9.025  6.407  6.035  4.723  6.108  8.527 10.217 13.968 16.335 19.824 22.375 24.375 26.271 27.668
 13.268 10.062  6.721  3.822  0.000  3.825  6.608 10.221 12.139 10.440  8.486  5.693  5.062  6.369  7.534 10.826 11.744 14.823 15.307 17.497 15.092 14.827 12.134 13.973 13.485  9.649 10.293 12.886 10.791  8.774 12.444 13.654 11.359 11.433 14.374 13.311 15.477 14.237 16.661 15.288 11.787 11.360  8.676  9.580  9.888 12.800 14.240 14.652 13.715 12.973 15.736 15.594 18.275 17.206 15.805 13.272 16.629 17.985 15.524 16.040 12.499 13.195 12.151  9.911  8.412  5.734  4.755  5.681  6.549 10.288 12.542 16.065 18.619 20.670 22.638 24.123
 16.744 13.341 10.067  6.556  3.825  0.000  3.835  7.021  8.842  7.129  6.098  4.649  6.362  8.888 10.945 14.403 15.543 18.601 18.898 21.106 18.715 18.095 15.031 16.690 16.693 12.924 12.748 15.495 13.694 10.909 14.131 15.662 12.970 12.025 15.048 13.762 16.342 15.632 17.530 15.394 12.189 11.719  9.626  9.864 10.611 12.895 13.702 14.848 14.260 14.511 17.541 17.816 20.873 19.927 18.955 16.462 19.749 20.742 17.890 18.570 15.190 15.927 15.023 12.245 10.477  6.917  6.153  4.890  5.913  8.959 11.396 15.058 17.410 19.567 21.519 22.962
 19.750 16.412 13.258  9.916  6.608  3.835  0.000  3.846  6.178  6.028  5.633  6.393  7.812 11.193 13.020 16.691 17.806 21.022 21.489 23.253 20.468 19.376 16.035 16.968 17.353 13.870 12.634 15.238 13.965 10.512 12.956 14.934 12.339 10.352 12.990 11.443 14.268 14.230 15.767 13.080 10.473 10.750  9.910 10.798 12.647 15.033 14.966 15.897 14.771 15.412 18.064 18.112 21.516 21.180 20.730 18.759 22.281 22.915 20.189 21.388 18.193 19.313 18.526 15.906 14.103 10.550  8.978  6.384  5.247  7.020  8.624 12.330 14.395 16.552 18.587 20.143
 23.308 19.925 16.781 13.344 10.221  7.021  3.846  0.000  3.856  5.636  6.914  9.069 11.059 14.566 16.586 20.272 21.421 24.609 24.967 26.665 23.866 22.522 19.029 19.758 20.482 17.178 15.507 18.053 17.110 13.468 15.288 17.438 14.873 12.229 14.450 12.778 15.640 16.108 17.025 13.821 11.944 12.291 12.208 12.698 14.828 16.704 15.990 17.274 16.329 17.630 20.243 20.526 24.106 23.944 23.835 21.987 25.466 25.818 22.941 24.310 21.285 22.497 21.842 19.073 17.144 13.449 11.959  8.780  7.585  7.608  8.663 11.947 13.451 15.547 17.469 18.965
 24.782 21.200 18.406 14.759 12.139  8.842  6.178  3.856  0.000  3.839  6.026  9.257 11.711 15.305 17.840 21.579 23.236 26.616 27.287 29.161 26.335 25.294 21.946 22.561 22.918 19.581 18.019 20.154 18.826 15.209 16.874 18.502 15.535 12.852 15.317 14.368 17.642 18.627 19.744 16.458 14.899 15.628 15.513 16.014 17.846 19.544 19.033 20.568 19.768 20.983 23.603 23.709 27.243 27.083 26.734 24.723 28.175 28.808 25.934 27.015 23.800 24.594 23.505 20.419 18.989 15.350 14.525 11.739 10.801 10.985 11.518 14.623 15.739 17.665 19.447 20.815
 22.472 18.793 16.160 12.416 10.440  7.129  6.028  5.636  3.839  0.000  3.809  6.738  9.813 13.074 15.999 19.636 21.531 24.884 25.586 27.795 25.206 24.578 21.439 22.464 22.437 18.873 17.954 20.107 18.257 14.952 17.225 18.434 15.155 13.166 16.215 15.579 18.923 19.519 21.076 18.109 15.973 16.362 15.458 15.669 16.834 18.415 18.521 20.273 19.810 20.736 23.618 23.782 27.107 26.555 25.777 23.398 26.682 27.655 24.726 25.369 21.994 22.366 21.015 17.720 16.606 13.097 13.010 10.900 10.870 12.081 13.320 16.739 18.234 20.236 22.031 23.349
 19.811 16.104 13.815 10.170  8.486  6.098  5.633  6.914  6.026  3.809  0.000  3.834  6.576  9.930 12.956 16.610 18.790 22.298 23.386 25.589 22.919 22.640 19.785 20.701 20.181 16.632 16.023 17.803 15.536 12.486 14.971 15.694 12.216 10.784 14.229 14.114 17.583 18.148 20.254 17.665 15.326 16.055 14.872 15.631 16.644 18.715 19.301 20.648 19.872 20.165 22.869 22.603 25.730 25.207 24.095 21.708 25.042 26.371 23.726 24.185 20.612 20.748 19.014 15.812 15.203 12.029 12.099 10.722 10.494 12.516 13.601 17.239 18.900 20.867 22.775 24.193
 16.135 12.402 10.157  6.531  5.693  4.649  6.393  9.069  9.257  6.738  3.834  0.000  3.823  6.553  9.766 13.289 15.489 18.908 19.985 22.412 19.982 20.089 17.535 18.873 18.002 14.313 14.503 16.346 13.689 11.237 14.402 14.855 11.480 11.114 14.746 14.632 17.768 17.672 20.143 18.091 15.201 15.526 13.577 14.258 14.637 16.856 18.089 19.259 18.610 18.393 21.180 20.901 23.708 22.827 21.309 18.666 21.845 23.485 20.945 21.058 17.370 17.226 15.312 12.146 11.813  9.021  9.635  9.413  9.936 12.890 14.538 18.277 20.324 22.338 24.281 25.710
 13.869 10.350  8.511  5.762  5.062  6.362  7.812 11.059 11.711  9.813  6.576  3.823  0.000  3.841  6.461 10.151 12.462 16.095 17.653 19.787 17.112 17.455 15.258 16.253 14.887 11.387 11.844 13.158 10.168  8.198 11.513 11.529  8.317  8.894 12.492 12.770 15.687 15.475 18.425 16.933 14.048 14.819 12.903 14.403 14.922 17.731 19.135 19.614 18.422 17.493 19.805 18.935 21.492 20.848 19.141 16.793 20.099 21.954 19.915 20.098 16.390 16.321 14.233 11.712 11.759  9.688  9.755 10.224 10.045 13.314 14.523 18.150 20.276 22.170 24.164 25.681
 10.361  6.823  6.006  4.708  6.369  8.888 11.193 14.566 15.305 13.074  9.930  6.553  3.841  0.000  3.817  6.945  9.754 13.289 15.139 17.585 15.320 16.448 14.968 16.332 14.322 11.010 12.634 13.587 10.139  9.575 13.068 12.410  9.691 11.476 14.854 15.373 17.842 17.134 20.348 19.432 16.334 16.771 14.306 15.627 15.373 18.113 20.150 20.463 19.474 17.979 20.203 19.237 21.225 20.188 17.868 15.258 18.184 20.585 18.867 18.451 14.688 13.969 11.349  9.159 10.209  9.399 10.280 12.006 12.486 16.082 17.567 21.089 23.367 25.211 27.152 28.615
  8.332  5.722  5.444  6.258  7.534 10.945 13.020 16.586 17.840 15.999 12.956  9.766  6.461  3.817  0.000  3.814  6.268  9.994 12.225 14.269 11.824 13.238 12.318 13.517 11.038  8.126 10.455 10.973  7.504  8.245 11.631 10.838  9.196 11.689 14.415 14.848 16.627 15.439 18.857 18.639 15.565 16.053 13.613 15.430 15.232 18.337 20.428 20.068 18.684 16.538 18.221 16.812 18.373 17.468 14.973 12.763 15.718 18.223 17.092 16.831 13.300 12.920 10.613  9.705 10.610 10.570 10.687 12.857 12.958 16.544 17.831 21.043 23.422 25.140 27.053 28.542
  5.538  4.621  6.428  8.870 10.826 14.403 16.691 20.272 21.579 19.636 16.610 13.289 10.151  6.945  3.814  0.000  3.825  7.165 10.088 12.154 10.297 12.711 12.892 14.197 11.143  9.174 12.302 12.250  9.011 10.998 13.955 12.698 11.840 14.831 17.169 17.752 19.041 17.516 20.991 21.322 18.287 18.586 15.989 17.690 17.009 19.974 22.422 21.787 20.496 17.863 19.182 17.603 18.394 17.243 14.202 12.111 14.417 17.430 16.948 16.179 12.978 12.092  9.600  9.916 11.530 12.643 13.068 15.795 16.146 19.732 21.069 24.083 26.509 28.126 29.962 31.395
  5.457  6.227  7.143 10.260 11.744 15.543 17.806 21.421 23.236 21.531 18.790 15.489 12.462  9.754  6.268  3.825  0.000  3.822  6.681  8.396  6.605  9.352 10.207 11.812  8.850  7.534 11.224 11.403  9.108 11.551 14.318 13.692 13.646 16.393 18.193 18.190 18.763 16.570 19.812 20.669 17.594 17.492 14.844 16.554 15.772 18.803 21.238 20.079 18.669 15.610 16.517 14.910 15.182 13.854 10.638  8.902 11.097 14.062 14.093 13.544 10.839 10.636  9.222 10.676 11.487 13.011 12.811 15.767 16.122 19.541 20.983 23.648 26.204 27.754 29.516 30.919
  5.872  8.398  9.620 13.169 14.823 18.601 21.022 24.609 26.616 24.884 22.298 18.908 16.095 13.289  9.994  7.165  3.822  0.000  3.876  5.463  5.419  9.002 10.993 12.882 10.180  9.856 13.655 13.830 12.229 14.898 17.413 16.913 17.265 19.993 21.532 21.318 21.427 18.834 21.802 23.076 20.025 19.515 16.775 18.146 16.924 19.634 22.269 20.816 19.621 16.268 16.795 15.367 14.731 12.952  9.311  7.959  8.918 12.235 13.099 12.134 10.324 10.066  9.449 12.063 12.827 15.074 14.944 18.175 18.810 22.101 23.707 26.115 28.735 30.211 31.869 33.192
  7.628  9.976 10.268 13.801 15.307 18.898 21.489 24.967 27.287 25.586 23.386 19.985 17.653 15.139 12.225 10.088  6.681  3.876  0.000  3.839  5.545  8.330 10.291 12.979 11.276 10.834 14.506 15.475 14.431 16.594 19.263 19.422 19.703 21.977 23.487 22.691 22.566 19.539 22.031 23.339 20.128 18.924 15.955 16.721 15.044 17.374 20.104 18.497 17.688 14.336 14.953 14.259 13.328 10.749  6.931  5.196  5.147  8.685  9.746  8.585  7.568  7.969  8.842 11.964 11.914 14.475 14.204 17.583 18.652 21.772 23.768 25.986 28.729 30.242 31.823 33.069
 10.805 13.141 13.299 16.596 17.497 21.106 23.253 26.665 29.161 27.795 25.589 22.412 19.787 17.585 14.269 12.154  8.396  5.463  3.839  0.000  3.838  6.534  9.651 11.625 10.084 10.949 14.303 14.808 14.583 17.139 19.184 19.463 20.461 22.728 23.643 22.752 22.009 18.795 21.097 22.978 20.151 19.151 16.726 17.964 16.844 19.379 21.672 19.491 18.165 14.499 14.115 12.871 11.099  9.043  5.552  6.229  6.025  8.437 10.664 10.516 10.345 11.524 12.622 15.591 15.251 17.398 16.461 19.453 19.946 22.705 24.293 26.082 28.726 30.034 31.519 32.745
 10.748 12.203 11.909 14.757 15.092 18.715 20.468 23.866 26.335 25.206 22.919 19.982 17.112 15.320 11.824 10.297  6.605  5.419  5.545  3.838  0.000  3.841  6.831  8.284  6.307  7.377 10.662 10.992 10.934 13.544 15.406 15.801 16.981 19.159 19.893 19.033 18.282 15.189 17.731 19.590 16.880 16.348 14.241 16.137 15.716 18.782 20.719 18.510 16.621 12.941 12.483 10.538  9.511  8.376  5.398  6.235  8.099  9.952 11.375 12.017 10.917 12.440 13.005 15.230 14.706 16.128 14.700 17.299 17.220 19.917 21.154 22.964 25.540 26.835 28.397 29.718
 13.740 14.480 13.231 15.393 14.827 18.095 19.376 22.522 25.294 24.578 22.640 20.089 17.455 16.448 13.238 12.711  9.352  9.002  8.330  6.534  3.841  0.000  3.833  5.242  5.130  6.564  8.837  9.853 10.919 12.855 14.366 15.640 17.037 18.551 18.857 17.361 16.115 12.637 14.660 16.745 14.214 13.485 11.869 14.005 14.224 17.429 18.770 16.143 13.793 10.059  8.966  6.749  5.912  5.427  4.110  6.308  8.854  9.224 10.403 12.245 11.451 13.924 15.040 16.817 15.464 16.205 13.966 15.954 15.455 17.622 18.699 20.088 22.655 23.880 25.384 26.706
 14.513 14.275 12.127 13.449 12.134 15.031 16.035 19.029 21.946 21.439 19.785 17.535 15.258 14.968 12.318 12.892 10.207 10.993 10.291  9.651  6.831  3.833  0.000  3.845  5.383  4.986  6.323  8.691  9.881 10.696 12.468 14.459 15.412 16.269 16.701 14.709 13.697 10.128 11.988 13.563 10.715  9.729  8.102 10.531 11.365 14.837 15.775 13.252 10.595  7.096  6.693  4.807  6.325  6.061  5.934  6.799 10.242 10.138  9.962 12.347 10.996 13.840 14.947 15.941 13.995 13.920 11.106 12.552 11.811 13.831 15.035 16.529 19.211 20.607 22.219 23.624
 16.807 16.534 14.683 15.708 13.973 16.690 16.968 19.758 22.561 22.464 20.701 18.873 16.253 16.332 13.517 14.197 11.812 12.882 12.979 11.625  8.284  5.242  3.845  0.000  3.848  5.427  5.061  6.292  8.810  9.886 10.474 12.623 14.402 15.169 14.776 12.865 11.125  7.537  9.581 11.881  9.879 10.093  9.808 12.972 14.552 18.119 18.597 15.963 12.777  9.677  8.221  4.783  6.374  8.112  8.704 10.330 13.536 13.338 13.611 16.076 14.748 17.386 18.100 18.935 17.270 16.852 13.880 14.676 12.985 14.465 14.693 15.736 18.124 19.249 20.831 22.313
 14.173 14.149 13.040 14.534 13.485 16.693 17.353 20.482 22.918 22.437 20.181 18.002 14.887 14.322 11.038 11.143  8.850 10.180 11.276 10.084  6.307  5.130  5.383  3.848  0.000  3.860  5.383  4.940  6.371  8.790  9.681 10.699 12.574 14.254 14.237 13.271 12.174  9.308 12.250 14.226 12.079 12.729 11.813 14.903 15.941 19.570 20.627 18.373 15.550 12.306 11.475  8.341  9.013  9.987  9.090 10.149 13.266 14.113 14.619 16.280 14.514 16.437 16.492 17.469 16.557 16.566 14.234 15.622 14.201 16.365 16.647 18.233 20.567 21.741 23.400 24.890
 12.412 11.534  9.793 10.836  9.649 12.924 13.870 17.178 19.581 18.873 16.632 14.313 11.387 11.010  8.126  9.174  7.534  9.856 10.834 10.949  7.377  6.564  4.986  5.427  3.860  0.000  3.848  5.403  5.125  6.461  8.758 10.027 10.737 12.193 13.063 11.955 11.861  9.220 12.333 13.320 10.439 10.804  9.182 12.137 13.070 16.769 17.981 16.243 13.732 10.863 11.257  9.038 10.732 10.798  9.526  9.171 12.797 13.921 13.453 14.884 12.437 14.209 14.005 14.371 13.292 12.926 10.648 12.111 10.972 13.651 14.448 16.660 19.196 20.685 22.505 24.049
 16.031 14.702 12.551 12.582 10.293 12.748 12.634 15.507 18.019 17.954 16.023 14.503 11.844 12.634 10.455 12.302 11.224 13.655 14.506 14.303 10.662  8.837  6.323  5.061  5.383  3.848  0.000  3.840  5.395  5.024  6.249  8.810  9.857 10.278 10.401  8.630  8.165  5.496  8.754  9.641  7.140  8.474  8.183 11.802 13.790 17.554 18.000 16.190 13.152 10.901 10.975  8.520 11.139 12.164 12.008 12.141 15.862 16.308 15.596 17.616 15.293 17.397 17.298 17.157 15.689 14.473 11.584 11.822  9.560 11.442 11.444 13.360 15.761 17.194 19.092 20.769
 16.606 15.639 14.315 14.694 12.886 15.495 15.238 18.053 20.154 20.107 17.803 16.346 13.158 13.587 10.973 12.250 11.403 13.830 15.475 14.808 10.992  9.853  8.691  6.292  4.940  5.403  3.840  0.000  3.845  5.402  4.908  6.407  8.771 10.014  9.433  8.830  8.035  6.351 10.020 11.451  9.945 11.981 12.003 15.613 17.439 21.205 21.797 19.931 16.843 14.371 13.880 10.765 12.571 14.092 13.657 14.204 17.667 18.465 18.344 20.100 17.805 19.523 19.002 19.078 18.246 17.357 14.883 15.318 12.969 14.753 14.131 15.801 17.799 18.921 20.725 22.372
 13.901 12.567 11.631 11.992 10.791 13.694 13.965 17.110 18.826 18.257 15.536 13.689 10.168 10.139  7.504  9.011  9.108 12.229 14.431 14.583 10.934 10.919  9.881  8.810  6.371  5.125  5.395  3.845  0.000  3.854  5.341  5.131  6.304  8.629  9.409  9.726 10.379  9.333 13.093 13.718 11.621 13.393 12.558 15.802 17.093 20.787 21.865 20.519 17.906 15.493 15.806 13.172 14.918 15.611 14.309 13.928 17.375 18.871 18.450 19.550 16.745 17.793 16.620 16.392 16.136 15.382 13.599 14.485 12.675 15.201 15.079 17.463 19.552 20.892 22.781 24.398
 15.751 13.620 11.826 10.989  8.774 10.909 10.512 13.468 15.209 14.952 12.486 11.237  8.198  9.575  8.245 10.998 11.551 14.898 16.594 17.139 13.544 12.855 10.696  9.886  8.790  6.461  5.024  5.402  3.854  0.000  3.850  5.435  5.049  5.754  7.106  6.807  8.482  8.043 11.571 11.203  8.995 11.108 10.639 13.911 15.719 19.358 20.015 19.032 16.441 14.755 15.586 13.473 16.043 16.723 15.889 15.160 18.879 20.015 18.923 20.281 17.277 18.524 17.437 16.470 15.723 14.087 11.995 11.987  9.664 11.980 11.695 14.393 16.468 18.000 20.033 21.747
 18.933 17.105 15.564 14.807 12.444 14.131 12.956 15.288 16.874 17.225 14.971 14.402 11.513 13.068 11.631 13.955 14.318 17.413 19.263 19.184 15.406 14.366 12.468 10.474  9.681  8.758  6.249  4.908  5.341  3.850  0.000  3.840  5.555  5.568  4.584  4.797  5.807  6.608 10.145 10.163  9.266 12.284 12.885 16.477 18.750 22.426 22.679 21.398 18.400 16.765 16.886 14.263 16.760 18.224 17.885 17.844 21.519 22.365 21.624 23.312 20.573 22.029 21.047 20.253 19.498 17.818 15.480 15.020 12.096 13.490 12.126 14.100 15.691 16.865 18.837 20.597
 18.065 16.385 15.660 15.223 13.654 15.662 14.934 17.438 18.502 18.434 15.694 14.855 11.529 12.410 10.838 12.698 13.692 16.913 19.422 19.463 15.801 15.640 14.459 12.623 10.699 10.027  8.810  6.407  5.131  5.435  3.840  0.000  3.846  6.044  5.813  7.958  9.269 10.187 13.793 13.957 12.977 15.774 15.840 19.255 21.055 24.710 25.397 24.266 21.475 19.547 19.727 16.933 18.930 20.183 19.241 19.010 22.478 23.875 23.370 24.566 21.648 22.537 21.010 20.272 20.235 18.955 17.247 17.325 14.859 16.732 15.600 17.777 19.245 20.327 22.197 23.838
 17.194 14.841 13.961 12.839 11.359 12.970 12.339 14.873 15.535 15.155 12.216 11.480  8.317  9.691  9.196 11.840 13.646 17.265 19.703 20.461 16.981 17.037 15.412 14.402 12.574 10.737  9.857  8.771  6.304  5.049  5.555  3.846  0.000  3.834  6.069  8.292 10.892 11.898 15.371 14.673 13.182 15.700 15.330 18.338 19.932 23.393 24.209 23.629 21.243 19.697 20.593 18.342 20.674 21.387 20.175 19.232 22.763 24.372 23.344 24.237 20.962 21.499 19.630 18.273 18.392 16.794 15.547 15.508 13.377 15.578 14.856 17.627 19.180 20.526 22.486 24.120
 19.917 17.245 15.662 13.799 11.433 12.025 10.352 12.229 12.852 13.166 10.784 11.114  8.894 11.476 11.689 14.831 16.393 19.993 21.977 22.728 19.159 18.551 16.269 15.169 14.254 12.193 10.278 10.014  8.629  5.754  5.568  6.044  3.834  0.000  3.853  5.701  9.170 10.939 13.853 12.374 11.333 14.196 14.487 17.467 19.603 22.954 23.229 22.819 20.367 19.436 20.461 18.513 21.358 22.267 21.587 20.688 24.408 25.569 24.180 25.450 22.218 23.119 21.562 19.842 19.391 17.125 15.472 14.504 11.822 13.302 12.046 14.766 16.066 17.454 19.494 21.208
 22.350 20.066 18.489 16.976 14.374 15.048 12.990 14.450 15.317 16.215 14.229 14.746 12.492 14.854 14.415 17.169 18.193 21.532 23.487 23.643 19.893 18.857 16.701 14.776 14.237 13.063 10.401  9.433  9.409  7.106  4.584  5.813  6.069  3.853  0.000  3.824  6.586  9.325 11.966 10.897 10.963 14.417 15.534 18.897 21.453 24.932 24.852 23.999 21.115 20.114 20.488 18.150 20.931 22.469 22.266 22.007 25.746 26.564 25.505 27.178 24.245 25.530 24.278 22.922 22.247 20.052 17.910 16.733 13.535 14.267 12.152 14.025 14.920 15.948 17.922 19.685
 22.491 20.221 18.050 16.451 13.311 13.762 11.443 12.778 14.368 15.579 14.114 14.632 12.770 15.373 14.848 17.752 18.190 21.318 22.691 22.752 19.033 17.361 14.709 12.865 13.271 11.955  8.630  8.830  9.726  6.807  4.797  7.958  8.292  5.701  3.824  0.000  3.900  6.508  8.658  7.161  7.373 10.980 12.633 16.042 18.967 22.402 21.942 20.923 17.902 17.205 17.544 15.509 18.637 20.247 20.539 20.433 24.235 24.575 23.343 25.402 22.709 24.466 23.740 22.460 21.171 18.759 16.085 14.486 10.944 11.098  8.731 10.399 11.576 12.825 14.992 16.938
 23.555 21.783 19.626 18.580 15.477 16.342 14.268 15.640 17.642 18.923 17.583 17.768 15.687 17.842 16.627 19.041 18.763 21.427 22.566 22.009 18.282 16.115 13.697 11.125 12.174 11.861  8.165  8.035 10.379  8.482  5.807  9.269 10.892  9.170  6.586  3.900  0.000  3.893  5.629  5.655  6.944 10.585 12.824 16.472 19.564 23.073 22.414 20.794 17.385 16.421 15.944 13.530 16.458 18.655 19.478 20.078 23.760 23.689 22.884 25.325 23.078 25.244 24.949 24.186 22.665 20.557 17.494 16.075 12.485 12.220  9.678 10.206 11.332 12.197 14.188 16.145
 21.474 20.049 17.749 17.198 14.237 15.632 14.230 16.108 18.627 19.519 18.148 17.672 15.475 17.134 15.439 17.516 16.570 18.834 19.539 18.795 15.189 12.637 10.128  7.537  9.308  9.220  5.496  6.351  9.333  8.043  6.608 10.187 11.898 10.939  9.325  6.508  3.893  0.000  3.842  5.487  5.346  8.222 10.207 13.953 16.893 20.464 19.947 17.922 14.384 12.990 12.222  9.682 12.656 14.837 15.861 16.715 20.313 20.011 19.362 21.975 20.029 22.488 22.617 22.269 20.489 18.724 15.430 14.457 11.206 11.309  9.692 10.281 12.136 13.186 15.071 16.930
 24.614 23.203 20.606 19.885 16.661 17.530 15.767 17.025 19.744 21.076 20.254 20.143 18.425 20.348 18.857 20.991 19.812 21.802 22.031 21.097 17.731 14.660 11.988  9.581 12.250 12.333  8.754 10.020 13.093 11.571 10.145 13.793 15.371 13.853 11.966  8.658  5.629  3.842  0.000  3.840  5.566  7.944 10.978 14.357 17.686 20.962 19.804 17.574 13.896 13.164 11.991 10.028 13.139 15.636 17.444 18.611 22.049 21.113 20.388 23.422 21.870 24.698 25.249 24.899 22.699 20.733 17.158 15.657 12.325 11.284  9.234  8.422 10.001 10.757 12.504 14.441
 25.066 23.127 20.248 18.849 15.288 15.394 13.080 13.821 16.458 18.109 17.665 18.091 16.933 19.432 18.639 21.322 20.669 23.076 23.339 22.978 19.590 16.745 13.563 11.881 14.226 13.320  9.641 11.451 13.718 11.203 10.163 13.957 14.673 12.374 10.897  7.161  5.655  5.487  3.840  0.000  3.833  6.845 10.213 13.328 16.923 20.031 18.616 17.000 13.623 13.700 13.507 12.277 15.802 17.732 19.266 19.767 23.382 22.598 21.266 24.146 22.242 24.901 25.251 24.345 22.047 19.551 16.048 13.851 10.227  8.520  5.762  5.086  6.940  8.370 10.646 12.858
 21.701 19.699 16.657 15.305 11.787 12.189 10.473 11.944 14.899 15.973 15.326 15.201 14.048 16.334 15.565 18.287 17.594 20.025 20.128 20.151 16.880 14.214 10.715  9.879 12.079 10.439  7.140  9.945 11.621  8.995  9.266 12.977 13.182 11.333 10.963  7.373  6.944  5.346  5.566  3.833  0.000  3.818  6.591  9.927 13.371 16.648 15.634 14.130 10.876 10.720 11.245 10.323 14.042 15.308 16.435 16.470 20.154 19.592 17.991 20.678 18.599 21.194 21.566 20.645 18.268 15.831 12.292 10.338  6.846  6.090  4.951  6.320  9.048 10.895 13.091 15.057
 21.125 19.254 15.891 14.702 11.360 11.719 10.750 12.291 15.628 16.362 16.055 15.526 14.819 16.771 16.053 18.586 17.492 19.515 18.924 19.151 16.348 13.485  9.729 10.093 12.729 10.804  8.474 11.981 13.393 11.108 12.284 15.774 15.700 14.196 14.417 10.980 10.585  8.222  7.944  6.845  3.818  0.000  3.827  6.623 10.233 13.319 12.106 10.405  7.160  7.550  8.755  9.071 12.866 13.463 14.816 14.643 18.120 17.164 15.190 18.064 16.309 19.221 20.142 19.368 16.491 14.150 10.391  8.472  5.912  5.165  6.219  7.442 10.446 12.396 14.352 16.060
 17.925 16.058 12.556 11.598  8.676  9.626  9.910 12.208 15.513 15.458 14.872 13.577 12.903 14.306 13.613 15.989 14.844 16.775 15.955 16.726 14.241 11.869  8.102  9.808 11.813  9.182  8.183 12.003 12.558 10.639 12.885 15.840 15.330 14.487 15.534 12.633 12.824 10.207 10.978 10.213  6.591  3.827  0.000  3.822  6.875 10.354 10.048  8.596  6.003  5.701  8.229  9.009 12.433 12.005 12.602 11.661 15.141 14.578 12.221 14.724 12.696 15.508 16.488 15.757 12.763 10.645  6.849  5.842  4.787  6.292  8.745 10.849 13.821 15.799 17.656 19.174
 18.673 16.773 13.070 11.984  9.580  9.864 10.798 12.698 16.014 15.669 15.631 14.258 14.403 15.627 15.430 17.690 16.554 18.146 16.721 17.964 16.137 14.005 10.531 12.972 14.903 12.137 11.802 15.613 15.802 13.911 16.477 19.255 18.338 17.467 18.897 16.042 16.472 13.953 14.357 13.328  9.927  6.623  3.822  0.000  3.826  6.784  6.309  5.501  4.529  5.813  9.357 11.354 14.376 13.141 13.665 12.149 15.102 14.293 11.213 13.535 11.783 14.631 16.083 15.202 11.691  9.518  6.069  5.062  6.247  7.455 10.806 12.806 15.679 17.708 19.391 20.690
 16.899 15.240 11.660 11.117  9.888 10.611 12.647 14.828 17.846 16.834 16.644 14.637 14.922 15.373 15.232 17.009 15.772 16.924 15.044 16.844 15.716 14.224 11.365 14.552 15.941 13.070 13.790 17.439 17.093 15.719 18.750 21.055 19.932 19.603 21.453 18.967 19.564 16.893 17.686 16.923 13.371 10.233  6.875  3.826  0.000  3.848  5.546  5.517  6.509  6.957 10.749 13.002 15.315 13.173 12.979 10.692 13.068 12.581  9.026 10.632  8.911 11.602 13.450 12.783  9.029  7.647  5.272  6.303  8.958 10.901 14.389 16.577 19.417 21.410 23.003 24.174
 19.152 17.587 14.181 13.571 12.800 12.895 15.033 16.704 19.544 18.415 18.715 16.856 17.731 18.113 18.337 19.974 18.803 19.634 17.374 19.379 18.782 17.429 14.837 18.119 19.570 16.769 17.554 21.205 20.787 19.358 22.426 24.710 23.393 22.954 24.932 22.402 23.073 20.464 20.962 20.031 16.648 13.319 10.354  6.784  3.848  0.000  3.850  5.609  8.410  9.703 13.352 16.118 18.154 15.701 15.586 13.201 14.777 14.028 10.245 11.342 10.357 12.668 14.880 14.145 10.365  9.306  8.159  8.872 11.939 13.387 17.045 19.034 21.732 23.705 25.144 26.144
 22.225 20.495 16.892 15.833 14.240 13.702 14.966 15.990 19.033 18.521 19.301 18.089 19.135 20.150 20.428 22.422 21.238 22.269 20.104 21.672 20.719 18.770 15.775 18.597 20.627 17.981 18.000 21.797 21.865 20.015 22.679 25.397 24.209 23.229 24.852 21.942 22.414 19.947 19.804 18.616 15.634 12.106 10.048  6.309  5.546  3.850  0.000  3.821  6.947  9.613 13.038 16.082 18.510 16.610 17.278 15.501 17.348 16.009 12.428 14.296 13.548 16.177 18.313 17.416 13.618 11.881  9.949  9.222 11.563 11.914 15.453 16.926 19.463 21.381 22.717 23.659
 21.735 20.429 16.921 16.424 14.652 14.848 15.897 17.274 20.568 20.273 20.648 19.259 19.614 20.463 20.068 21.787 20.079 20.816 18.497 19.491 18.510 16.143 13.252 15.963 18.373 16.243 16.190 19.931 20.519 19.032 21.398 24.266 23.629 22.819 23.999 20.923 20.794 17.922 17.574 17.000 14.130 10.405  8.596  5.501  5.517  5.609  3.821  0.000  3.826  6.488  9.576 12.890 15.157 13.414 14.627 13.523 15.406 13.521 10.322 13.010 12.729 15.965 18.403 18.126 14.359 13.042 10.411 10.028 11.548 11.788 14.936 15.968 18.600 20.359 21.657 22.631
 21.216 19.932 16.452 16.003 13.715 14.260 14.771 16.329 19.768 19.810 19.872 18.610 18.422 19.474 18.684 20.496 18.669 19.621 17.688 18.165 16.621 13.793 10.595 12.777 15.550 13.732 13.152 16.843 17.906 16.441 18.400 21.475 21.243 20.367 21.115 17.902 17.385 14.384 13.896 13.623 10.876  7.160  6.003  4.529  6.509  8.410  6.947  3.826  0.000  3.826  6.581  9.624 12.369 11.375 13.054 12.607 15.087 13.185 10.589 13.798 13.211 16.661 18.788 18.618 15.062 13.557 10.209  9.510  9.820  9.814 12.424 13.208 15.934 17.636 19.034 20.176
 18.516 17.693 14.547 14.856 12.973 14.511 15.412 17.630 20.983 20.736 20.165 18.393 17.493 17.979 16.538 17.863 15.610 16.268 14.336 14.499 12.941 10.059  7.096  9.677 12.306 10.863 10.901 14.371 15.493 14.755 16.765 19.547 19.697 19.436 20.114 17.205 16.421 12.990 13.164 13.700 10.720  7.550  5.701  5.813  6.957  9.703  9.613  6.488  3.826  0.000  3.837  6.606  9.044  7.785  9.338  9.255 11.924 10.170  8.150 11.552 10.984 14.590 16.722 17.131 13.912 13.101  9.790 10.226 10.365 11.313 13.565 14.605 17.421 19.014 20.470 21.685
 20.089 19.735 16.971 17.657 15.736 17.541 18.064 20.243 23.603 23.618 22.869 21.180 19.805 20.203 18.221 19.182 16.517 16.795 14.953 14.115 12.483  8.966  6.693  8.221 11.475 11.257 10.975 13.880 15.806 15.586 16.886 19.727 20.593 20.461 20.488 17.544 15.944 12.222 11.991 13.507 11.245  8.755  8.229  9.357 10.749 13.352 13.038  9.576  6.581  3.837  0.000  3.837  5.926  5.852  8.719 10.164 12.536 10.282  9.626 13.290 13.284 16.940 19.094 19.951 17.040 16.500 13.170 13.553 12.943 13.460 14.874 15.213 17.814 19.050 20.334 21.509
 19.233 19.018 16.645 17.531 15.594 17.816 18.112 20.526 23.709 23.782 22.603 20.901 18.935 19.237 16.812 17.603 14.910 15.367 14.259 12.871 10.538  6.749  4.807  4.783  8.341  9.038  8.520 10.765 13.172 13.473 14.263 16.933 18.342 18.513 18.150 15.509 13.530  9.682 10.028 12.277 10.323  9.071  9.009 11.354 13.002 16.118 16.082 12.890  9.624  6.606  3.837  0.000  3.852  5.695  8.188 10.267 13.008 11.489 11.590 14.854 14.388 17.713 19.321 20.272 17.873 17.396 14.088 14.587 13.296 14.069 14.764 15.164 17.646 18.734 20.104 21.420
 19.392 19.919 18.078 19.642 18.275 20.873 21.516 24.106 27.243 27.107 25.730 23.708 21.492 21.225 18.373 18.394 15.182 14.731 13.328 11.099  9.511  5.912  6.325  6.374  9.013 10.732 11.139 12.571 14.918 16.043 16.760 18.930 20.674 21.358 20.931 18.637 16.458 12.656 13.139 15.802 14.042 12.866 12.433 14.376 15.315 18.154 18.510 15.157 12.369  9.044  5.926  3.852  0.000  3.812  6.768  9.992 11.824 10.090 11.438 14.500 14.755 17.993 19.848 21.460 19.352 19.564 16.631 17.719 16.800 17.819 18.566 18.889 21.262 22.173 23.386 24.565
 17.269 17.998 16.158 18.049 17.206 19.927 21.180 23.944 27.083 26.555 25.207 22.827 20.848 20.188 17.468 17.243 13.854 12.952 10.749  9.043  8.376  5.427  6.061  8.112  9.987 10.798 12.164 14.092 15.611 16.723 18.224 20.183 21.387 22.267 22.469 20.247 18.655 14.837 15.636 17.732 15.308 13.463 12.005 13.141 13.173 15.701 16.610 13.414 11.375  7.785  5.852  5.695  3.812  0.000  3.836  6.933  8.319  6.323  7.810 10.798 11.456 14.786 17.050 18.940 16.754 17.451 14.911 16.596 16.503 18.001 19.470 20.268 22.868 24.028 25.308 26.445
 13.672 14.790 13.446 15.915 15.805 18.955 20.730 23.835 26.734 25.777 24.095 21.309 19.141 17.868 14.973 14.202 10.638  9.311  6.931  5.552  5.398  4.110  5.934  8.704  9.090  9.526 12.008 13.657 14.309 15.889 17.885 19.241 20.175 21.587 22.266 20.539 19.478 15.861 17.444 19.266 16.435 14.816 12.602 13.665 12.979 15.586 17.278 14.627 13.054  9.338  8.719  8.188  6.768  3.836  0.000  3.826  5.283  5.157  6.918  8.728  8.941 11.771 13.790 16.052 14.395 15.716 13.820 16.241 16.589 18.805 20.521 21.926 24.628 25.949 27.372 28.570
 10.922 11.738 10.215 12.834 13.272 16.462 18.759 21.987 24.723 23.398 21.708 18.666 16.793 15.258 12.763 12.111  8.902  7.959  5.196  6.229  6.235  6.308  6.799 10.330 10.149  9.171 12.141 14.204 13.928 15.160 17.844 19.010 19.232 20.688 22.007 20.433 20.078 16.715 18.611 19.767 16.470 14.643 11.661 12.149 10.692 13.201 15.501 13.523 12.607  9.255 10.164 10.267  9.992  6.933  3.826  0.000  3.853  5.484  5.454  6.183  5.312  8.087 10.160 12.360 10.689 12.371 11.055 14.028 15.080 17.793 20.002 21.947 24.769 26.328 27.873 29.101
 11.887 13.565 12.704 15.682 16.629 19.749 22.281 25.466 28.175 26.682 25.042 21.845 20.099 18.184 15.718 14.417 11.097  8.918  5.147  6.025  8.099  8.854 10.242 13.536 13.266 12.797 15.862 17.667 17.375 18.879 21.519 22.478 22.763 24.408 25.746 24.235 23.760 20.313 22.049 23.382 20.154 18.120 15.141 15.102 13.068 14.777 17.348 15.406 15.087 11.924 12.536 13.008 11.824  8.319  5.283  3.853  0.000  3.859  5.421  4.670  5.928  8.058 10.792 13.751 12.430 14.826 14.088 17.244 18.654 21.298 23.648 25.469 28.281 29.783 31.224 32.351
 15.484 16.752 15.273 17.725 17.985 20.742 22.915 25.818 28.808 27.655 26.371 23.485 21.954 20.585 18.223 17.430 14.062 12.235  8.685  8.437  9.952  9.224 10.138 13.338 14.113 13.921 16.308 18.465 18.871 20.015 22.365 23.875 24.372 25.569 26.564 24.575 23.689 20.011 21.113 22.598 19.592 17.164 14.578 14.293 12.581 14.028 16.009 13.521 13.185 10.170 10.282 11.489 10.090  6.323  5.157  5.484  3.859  0.000  3.836  5.459  7.812 10.852 13.970 16.505 14.462 16.261 14.855 17.461 18.689 20.765 23.087 24.431 27.198 28.597 29.901 30.942
 15.139 15.622 13.490 15.402 15.524 17.890 20.189 22.941 25.934 24.726 23.726 20.945 19.915 18.867 17.092 16.948 14.093 13.099  9.746 10.664 11.375 10.403  9.962 13.611 14.619 13.453 15.596 18.344 18.450 18.923 21.624 23.370 23.344 24.180 25.505 23.343 22.884 19.362 20.388 21.266 17.991 15.190 12.221 11.213  9.026 10.245 12.428 10.322 10.589  8.150  9.626 11.590 11.438  7.810  6.918  5.454  5.421  3.836  0.000  3.855  5.614  9.215 12.522 14.404 11.754 13.211 11.823 14.365 16.065 18.166 20.889 22.467 25.304 26.888 28.261 29.314
 13.227 14.119 12.602 14.998 16.040 18.570 21.388 24.310 27.015 25.369 24.185 21.058 20.098 18.451 16.831 16.179 13.544 12.134  8.585 10.516 12.017 12.245 12.347 16.076 16.280 14.884 17.616 20.100 19.550 20.281 23.312 24.566 24.237 25.450 27.178 25.402 25.325 21.975 23.422 24.146 20.678 18.064 14.724 13.535 10.632 11.342 14.296 13.010 13.798 11.552 13.290 14.854 14.500 10.798  8.728  6.183  4.670  5.459  3.855  0.000  3.842  6.376 10.035 12.443 10.402 12.838 12.562 15.716 17.924 20.491 23.395 25.357 28.225 29.895 31.327 32.383
 10.436 10.658  8.835 11.209 12.499 15.190 18.193 21.285 23.800 21.994 20.612 17.370 16.390 14.688 13.300 12.978 10.839 10.324  7.568 10.345 10.917 11.451 10.996 14.748 14.514 12.437 15.293 17.805 16.745 17.277 20.573 21.648 20.962 22.218 24.245 22.709 23.078 20.029 21.870 22.242 18.599 16.309 12.696 11.783  8.911 10.357 13.548 12.729 13.211 10.984 13.284 14.388 14.755 11.456  8.941  5.312  5.928  7.812  5.614  3.842  0.000  3.830  6.991  8.958  6.857  9.389  9.426 12.924 15.222 18.201 21.113 23.486 26.370 28.159 29.736 30.900
  8.345  8.825  8.049 10.844 13.195 15.927 19.313 22.497 24.594 22.366 20.748 17.226 16.321 13.969 12.920 12.092 10.636 10.066  7.969 11.524 12.440 13.924 13.840 17.386 16.437 14.209 17.397 19.523 17.793 18.524 22.029 22.537 21.499 23.119 25.530 24.466 25.244 22.488 24.698 24.901 21.194 19.221 15.508 14.631 11.602 12.668 16.177 15.965 16.661 14.590 16.940 17.713 17.993 14.786 11.771  8.087  8.058 10.852  9.215  6.376  3.830  0.000  3.836  6.566  5.985  9.556 10.933 14.687 17.236 20.543 23.471 26.171 29.019 30.861 32.489 33.661
  5.656  5.624  5.971  9.025 12.151 15.023 18.526 21.842 23.505 21.015 19.014 15.312 14.233 11.349 10.613  9.600  9.222  9.449  8.842 12.622 13.005 15.040 14.947 18.100 16.492 14.005 17.298 19.002 16.620 17.437 21.047 21.010 19.630 21.562 24.278 23.740 24.949 22.617 25.249 25.251 21.566 20.142 16.488 16.083 13.450 14.880 18.313 18.403 18.788 16.722 19.094 19.321 19.848 17.050 13.790 10.160 10.792 13.970 12.522 10.035  6.991  3.836  0.000  3.843  5.581  9.144 11.234 14.983 17.354 20.962 23.676 26.698 29.463 31.332 33.048 34.284
  7.685  5.511  4.808  6.407  9.911 12.245 15.906 19.073 20.419 17.720 15.812 12.146 11.712  9.159  9.705  9.916 10.676 12.063 11.964 15.591 15.230 16.817 15.941 18.935 17.469 14.371 17.157 19.078 16.392 16.470 20.253 20.272 18.273 19.842 22.922 22.460 24.186 22.269 24.899 24.345 20.645 19.368 15.757 15.202 12.783 14.145 17.416 18.126 18.618 17.131 19.951 20.272 21.460 18.940 16.052 12.360 13.751 16.505 14.404 12.443  8.958  6.566  3.843  0.000  3.843  6.635  9.594 13.027 15.609 19.267 22.053 25.339 28.017 29.987 31.757 33.014
  9.967  7.920  5.299  6.035  8.412 10.477 14.103 17.144 18.989 16.606 15.203 11.813 11.759 10.209 10.610 11.530 11.487 12.827 11.914 15.251 14.706 15.464 13.995 17.270 16.557 13.292 15.689 18.246 16.136 15.723 19.498 20.235 18.392 19.391 22.247 21.171 22.665 20.489 22.699 22.047 18.268 16.491 12.763 11.691  9.029 10.365 13.618 14.359 15.062 13.912 17.040 17.873 19.352 16.754 14.395 10.689 12.430 14.462 11.754 10.402  6.857  5.985  5.581  3.843  0.000  3.829  6.486 10.047 13.004 16.460 19.547 22.658 25.418 27.434 29.173 30.410
 12.613  9.814  6.381  4.723  5.734  6.917 10.550 13.449 15.350 13.097 12.029  9.021  9.688  9.399 10.570 12.643 13.011 15.074 14.475 17.398 16.128 16.205 13.920 16.852 16.566 12.926 14.473 17.357 15.382 14.087 17.818 18.955 16.794 17.125 20.052 18.759 20.557 18.724 20.733 19.551 15.831 14.150 10.645  9.518  7.647  9.306 11.881 13.042 13.557 13.101 16.500 17.396 19.564 17.451 15.716 12.371 14.826 16.261 13.211 12.838  9.389  9.556  9.144  6.635  3.829  0.000  3.820  6.709  9.868 13.250 16.413 19.670 22.357 24.456 26.245 27.521
 13.910 11.405  7.606  6.108  4.755  6.153  8.978 11.959 14.525 13.010 12.099  9.635  9.755 10.280 10.687 13.068 12.811 14.944 14.204 16.461 14.700 13.966 11.106 13.880 14.234 10.648 11.584 14.883 13.599 11.995 15.480 17.247 15.547 15.472 17.910 16.085 17.494 15.430 17.158 16.048 12.292 10.391  6.849  6.069  5.272  8.159  9.949 10.411 10.209  9.790 13.170 14.088 16.631 14.911 13.820 11.055 14.088 14.855 11.823 12.562  9.426 10.933 11.234  9.594  6.486  3.820  0.000  3.831  6.684 10.024 13.202 16.261 19.055 21.144 22.965 24.314
 17.396 14.651 10.890  8.527  5.681  4.890  6.384  8.780 11.739 10.900 10.722  9.413 10.224 12.006 12.857 15.795 15.767 18.175 17.583 19.453 17.299 15.954 12.552 14.676 15.622 12.111 11.822 15.318 14.485 11.987 15.020 17.325 15.508 14.504 16.733 14.486 16.075 14.457 15.657 13.851 10.338  8.472  5.842  5.062  6.303  8.872  9.222 10.028  9.510 10.226 13.553 14.587 17.719 16.596 16.241 14.028 17.244 17.461 14.365 15.716 12.924 14.687 14.983 13.027 10.047  6.709  3.831  0.000  3.822  6.655 10.087 13.213 15.924 18.127 20.005 21.407
 18.761 16.067 12.516 10.217  6.549  5.913  5.247  7.585 10.801 10.870 10.494  9.936 10.045 12.486 12.958 16.146 16.122 18.810 18.652 19.946 17.220 15.455 11.811 12.985 14.201 10.972  9.560 12.969 12.675  9.664 12.096 14.859 13.377 11.822 13.535 10.944 12.485 11.206 12.325 10.227  6.846  5.912  4.787  6.247  8.958 11.939 11.563 11.548  9.820 10.365 12.943 13.296 16.800 16.503 16.589 15.080 18.654 18.689 16.065 17.924 15.222 17.236 17.354 15.609 13.004  9.868  6.684  3.822  0.000  3.823  6.604  9.933 12.685 14.914 16.980 18.602
 22.445 19.839 16.284 13.968 10.288  8.959  7.020  7.608 10.985 12.081 12.516 12.890 13.314 16.082 16.544 19.732 19.541 22.101 21.772 22.705 19.917 17.622 13.831 14.465 16.365 13.651 11.442 14.753 15.201 11.980 13.490 16.732 15.578 13.302 14.267 11.098 12.220 11.309 11.284  8.520  6.090  5.165  6.292  7.455 10.901 13.387 11.914 11.788  9.814 11.313 13.460 14.069 17.819 18.001 18.805 17.793 21.298 20.765 18.166 20.491 18.201 20.543 20.962 19.267 16.460 13.250 10.024  6.655  3.823  0.000  3.821  6.710  9.475 11.860 13.991 15.710
 24.453 21.891 18.597 16.335 12.542 11.396  8.624  8.663 11.518 13.320 13.601 14.538 14.523 17.567 17.831 21.069 20.983 23.707 23.768 24.293 21.154 18.699 15.035 14.693 16.647 14.448 11.444 14.131 15.079 11.695 12.126 15.600 14.856 12.046 12.152  8.731  9.678  9.692  9.234  5.762  4.951  6.219  8.745 10.806 14.389 17.045 15.453 14.936 12.424 13.565 14.874 14.764 18.566 19.470 20.521 20.002 23.648 23.087 20.889 23.395 21.113 23.471 23.676 22.053 19.547 16.413 13.202 10.087  6.604  3.821  0.000  3.824  6.486  8.917 11.367 13.417
 27.430 25.114 21.830 19.824 16.065 15.058 12.330 11.947 14.623 16.739 17.239 18.277 18.150 21.089 21.043 24.083 23.648 26.115 25.986 26.082 22.964 20.088 16.529 15.736 18.233 16.660 13.360 15.801 17.463 14.393 14.100 17.777 17.627 14.766 14.025 10.399 10.206 10.281  8.422  5.086  6.320  7.442 10.849 12.806 16.577 19.034 16.926 15.968 13.208 14.605 15.213 15.164 18.889 20.268 21.926 21.947 25.469 24.431 22.467 25.357 23.486 26.171 26.698 25.339 22.658 19.670 16.261 13.213  9.933  6.710  3.824  0.000  3.831  6.300  8.841 11.100
 30.056 27.692 24.487 22.375 18.619 17.410 14.395 13.451 15.739 18.234 18.900 20.324 20.276 23.367 23.422 26.509 26.204 28.735 28.729 28.726 25.540 22.655 19.211 18.124 20.567 19.196 15.761 17.799 19.552 16.468 15.691 19.245 19.180 16.066 14.920 11.576 11.332 12.136 10.001  6.940  9.048 10.446 13.821 15.679 19.417 21.732 19.463 18.600 15.934 17.421 17.814 17.646 21.262 22.868 24.628 24.769 28.281 27.198 25.304 28.225 26.370 29.019 29.463 28.017 25.418 22.357 19.055 15.924 12.685  9.475  6.486  3.831  0.000  3.833  6.634  9.167
 31.753 29.495 26.380 24.375 20.670 19.567 16.552 15.547 17.665 20.236 20.867 22.338 22.170 25.211 25.140 28.126 27.754 30.211 30.242 30.034 26.835 23.880 20.607 19.249 21.741 20.685 17.194 18.921 20.892 18.000 16.865 20.327 20.526 17.454 15.948 12.825 12.197 13.186 10.757  8.370 10.895 12.396 15.799 17.708 21.410 23.705 21.381 20.359 17.636 19.014 19.050 18.734 22.173 24.028 25.949 26.328 29.783 28.597 26.888 29.895 28.159 30.861 31.332 29.987 27.434 24.456 21.144 18.127 14.914 11.860  8.917  6.300  3.833  0.000  3.844  6.765
 33.507 31.319 28.220 26.271 22.638 21.519 18.587 17.469 19.447 22.031 22.775 24.281 24.164 27.152 27.053 29.962 29.516 31.869 31.823 31.519 28.397 25.384 22.219 20.831 23.400 22.505 19.092 20.725 22.781 20.033 18.837 22.197 22.486 19.494 17.922 14.992 14.188 15.071 12.504 10.646 13.091 14.352 17.656 19.391 23.003 25.144 22.717 21.657 19.034 20.470 20.334 20.104 23.386 25.308 27.372 27.873 31.224 29.901 28.261 31.327 29.736 32.489 33.048 31.757 29.173 26.245 22.965 20.005 16.980 13.991 11.367  8.841  6.634  3.844  0.000  3.809
 34.827 32.678 29.592 27.668 24.123 22.962 20.143 18.965 20.815 23.349 24.193 25.710 25.681 28.615 28.542 31.395 30.919 33.192 33.069 32.745 29.718 26.706 23.624 22.313 24.890 24.049 20.769 22.372 24.398 21.747 20.597 23.838 24.120 21.208 19.685 16.938 16.145 16.930 14.441 12.858 15.057 16.060 19.174 20.690 24.174 26.144 23.659 22.631 20.176 21.685 21.509 21.420 24.565 26.445 28.570 29.101 32.351 30.942 29.314 32.383 30.900 33.661 34.284 33.014 30.410 27.521 24.314 21.407 18.602 15.710 13.417 11.100  9.167  6.765  3.809  0.000
