  1.000  0.793  0.534  0.233 -0.207 -0.306 -0.371 -0.313 -0.289 -0.100 -0.167 -0.118 -0.071  0.256  0.337  0.641  0.642  0.628  0.464  0.305  0.215 -0.145 -0.365 -0.421 -0.279 -0.337 -0.502 -0.468 -0.391 -0.458 -0.487 -0.401 -0.317 -0.339 -0.425 -0.451 -0.463 -0.484 -0.421 -0.464 -0.533 -0.462 -0.509 -0.483 -0.342 -0.239 -0.337 -0.380 -0.490 -0.477 -0.494 -0.469 -0.379 -0.285 -0.045  0.134  0.224  0.014 -0.020  0.186  0.265  0.457  0.636  0.550  0.319  0.072 -0.230 -0.430 -0.509 -0.445 -0.287 -0.069  0.252  0.512  0.553  0.521
  0.793  1.000  0.683  0.411 -0.025 -0.158 -0.276 -0.305 -0.263 -0.021 -0.057  0.046  0.099  0.424  0.503  0.651  0.502  0.464  0.298  0.130  0.036 -0.302 -0.440 -0.471 -0.344 -0.331 -0.457 -0.433 -0.323 -0.359 -0.407 -0.320 -0.226 -0.249 -0.345 -0.388 -0.419 -0.446 -0.398 -0.439 -0.492 -0.420 -0.455 -0.435 -0.300 -0.218 -0.316 -0.359 -0.468 -0.474 -0.537 -0.528 -0.487 -0.431 -0.215 -0.004  0.072 -0.144 -0.123  0.092  0.220  0.415  0.611  0.635  0.389  0.182 -0.125 -0.335 -0.428 -0.380 -0.272 -0.053  0.217  0.444  0.489  0.463
  0.534  0.683  1.000  0.691  0.257  0.121 -0.103 -0.197 -0.204 -0.093  0.000  0.171  0.247  0.521  0.542  0.478  0.342  0.213  0.090 -0.069 -0.130 -0.358 -0.402 -0.407 -0.368 -0.312 -0.348 -0.362 -0.270 -0.246 -0.295 -0.250 -0.151 -0.141 -0.227 -0.260 -0.305 -0.328 -0.289 -0.294 -0.307 -0.264 -0.275 -0.239 -0.159 -0.121 -0.176 -0.219 -0.302 -0.339 -0.403 -0.423 -0.420 -0.393 -0.276 -0.116 -0.043 -0.154 -0.096  0.044  0.133  0.294  0.496  0.597  0.469  0.413  0.173 -0.094 -0.200 -0.184 -0.113 -0.001  0.174  0.229  0.257  0.244
  0.233  0.411  0.691  1.000  0.660  0.491  0.186 -0.057 -0.048  0.076  0.268  0.484  0.528  0.645  0.495  0.311  0.105 -0.077 -0.194 -0.350 -0.369 -0.491 -0.388 -0.352 -0.364 -0.227 -0.174 -0.214 -0.110 -0.019 -0.080 -0.067  0.030  0.057 -0.020 -0.069 -0.134 -0.165 -0.148 -0.120 -0.097 -0.062 -0.038 -0.019 -0.009 -0.029 -0.061 -0.086 -0.135 -0.227 -0.337 -0.370 -0.461 -0.503 -0.476 -0.336 -0.309 -0.370 -0.259 -0.168 -0.070  0.055  0.259  0.488  0.453  0.630  0.449  0.201  0.094  0.056  0.018  0.065  0.079 -0.025 -0.007 -0.008
 -0.207 -0.025  0.257  0.660  1.000  0.814  0.513  0.208  0.135  0.134  0.385  0.568  0.637  0.445  0.306  0.004 -0.171 -0.365 -0.441 -0.497 -0.429 -0.338 -0.113 -0.027 -0.119  0.029  0.187  0.135  0.173  0.293  0.254  0.212  0.243  0.268  0.258  0.222  0.166  0.144  0.108  0.177  0.252  0.242  0.310  0.305  0.203  0.112  0.146  0.141  0.173  0.066 -0.015 -0.038 -0.184 -0.304 -0.430 -0.438 -0.484 -0.431 -0.330 -0.367 -0.310 -0.277 -0.180  0.039  0.132  0.458  0.607  0.526  0.494  0.363  0.182  0.061 -0.131 -0.390 -0.400 -0.380
 -0.306 -0.158  0.121  0.491  0.814  1.000  0.650  0.355  0.237  0.105  0.340  0.496  0.507  0.298  0.152 -0.111 -0.255 -0.432 -0.470 -0.514 -0.428 -0.284 -0.046  0.021 -0.092  0.048  0.214  0.143  0.160  0.300  0.267  0.199  0.228  0.271  0.269  0.264  0.219  0.208  0.182  0.275  0.366  0.342  0.401  0.409  0.280  0.160  0.215  0.197  0.247  0.141  0.069  0.035 -0.111 -0.222 -0.376 -0.402 -0.464 -0.377 -0.269 -0.339 -0.298 -0.303 -0.236 -0.036  0.091  0.450  0.603  0.641  0.610  0.478  0.282  0.095 -0.161 -0.473 -0.490 -0.470
 -0.371 -0.276 -0.103  0.186  0.513  0.650  1.000  0.701  0.470  0.038  0.244  0.316  0.359  0.133  0.012 -0.185 -0.277 -0.408 -0.432 -0.420 -0.314 -0.156  0.050  0.122  0.029  0.135  0.297  0.249  0.208  0.304  0.315  0.227  0.182  0.214  0.281  0.301  0.313  0.334  0.323  0.362  0.432  0.448  0.461  0.417  0.246  0.128  0.208  0.181  0.247  0.156  0.104  0.094 -0.018 -0.126 -0.282 -0.350 -0.414 -0.322 -0.250 -0.340 -0.333 -0.368 -0.348 -0.229 -0.135  0.134  0.348  0.609  0.624  0.483  0.236  0.079 -0.266 -0.528 -0.523 -0.495
 -0.313 -0.305 -0.197 -0.057  0.208  0.355  0.701  1.000  0.667  0.019  0.155  0.091  0.042 -0.113 -0.165 -0.223 -0.222 -0.262 -0.238 -0.198 -0.131 -0.007  0.080  0.115  0.038  0.056  0.168  0.133  0.057  0.121  0.158  0.073  0.027  0.067  0.135  0.197  0.238  0.267  0.270  0.286  0.329  0.330  0.326  0.312  0.182  0.091  0.162  0.133  0.186  0.137  0.139  0.126  0.097  0.049 -0.064 -0.148 -0.181 -0.094 -0.078 -0.159 -0.190 -0.256 -0.293 -0.265 -0.167 -0.011  0.199  0.452  0.450  0.314  0.182  0.026 -0.218 -0.438 -0.432 -0.404
 -0.289 -0.263 -0.204 -0.048  0.135  0.237  0.470  0.667  1.000  0.322  0.316  0.246  0.143 -0.010 -0.092 -0.156 -0.207 -0.255 -0.249 -0.213 -0.154 -0.035  0.062  0.095  0.041  0.073  0.155  0.127  0.067  0.094  0.124  0.067  0.012  0.023  0.080  0.111  0.170  0.227  0.232  0.191  0.232  0.273  0.256  0.212  0.108  0.053  0.096  0.094  0.155  0.110  0.095  0.086  0.043 -0.006 -0.107 -0.181 -0.213 -0.136 -0.123 -0.186 -0.225 -0.274 -0.287 -0.239 -0.186 -0.045  0.097  0.294  0.310  0.205  0.046 -0.030 -0.220 -0.392 -0.366 -0.337
 -0.100 -0.021 -0.093  0.076  0.134  0.105  0.038  0.019  0.322  1.000  0.672  0.442  0.252  0.159  0.056  0.017 -0.076 -0.129 -0.189 -0.208 -0.185 -0.179 -0.094 -0.052 -0.055 -0.000  0.048  0.042  0.068  0.098  0.087  0.090  0.108  0.129  0.103  0.053  0.034  0.034  0.028 -0.031 -0.022 -0.010  0.014 -0.034 -0.074 -0.069 -0.080 -0.026  0.013 -0.040 -0.082 -0.074 -0.157 -0.221 -0.247 -0.232 -0.249 -0.266 -0.232 -0.226 -0.190 -0.158 -0.130 -0.062 -0.079 -0.019 -0.049 -0.037 -0.008 -0.017 -0.070 -0.016 -0.094 -0.115 -0.117 -0.107
 -0.167 -0.057  0.000  0.268  0.385  0.340  0.244  0.155  0.316  0.672  1.000  0.765  0.557  0.367  0.168  0.019 -0.126 -0.264 -0.334 -0.380 -0.339 -0.299 -0.129 -0.063 -0.104  0.011  0.112  0.089  0.141  0.218  0.196  0.189  0.231  0.273  0.240  0.173  0.116  0.090  0.058  0.046  0.074  0.072  0.118  0.062 -0.005 -0.022 -0.014  0.008  0.054 -0.028 -0.098 -0.092 -0.228 -0.330 -0.394 -0.375 -0.407 -0.406 -0.338 -0.339 -0.289 -0.244 -0.183 -0.048 -0.041  0.110  0.107  0.142  0.161  0.109 -0.000  0.015 -0.123 -0.251 -0.252 -0.236
 -0.118  0.046  0.171  0.484  0.568  0.496  0.316  0.091  0.246  0.442  0.765  1.000  0.797  0.608  0.354  0.126 -0.084 -0.288 -0.398 -0.475 -0.413 -0.401 -0.195 -0.113 -0.140  0.008  0.110  0.086  0.161  0.235  0.195  0.194  0.236  0.261  0.225  0.148  0.093  0.071  0.041  0.037  0.070  0.084  0.123  0.053 -0.011 -0.035 -0.034 -0.016  0.011 -0.084 -0.186 -0.177 -0.341 -0.463 -0.520 -0.474 -0.514 -0.530 -0.438 -0.420 -0.350 -0.267 -0.155  0.043  0.030  0.219  0.189  0.204  0.199  0.133 -0.017  0.030 -0.103 -0.223 -0.206 -0.189
 -0.071  0.099  0.247  0.528  0.637  0.507  0.359  0.042  0.143  0.252  0.557  0.797  1.000  0.774  0.525  0.233  0.010 -0.235 -0.382 -0.453 -0.368 -0.357 -0.155 -0.048 -0.065  0.076  0.171  0.160  0.224  0.272  0.230  0.234  0.255  0.255  0.241  0.152  0.108  0.086  0.043  0.039  0.075  0.082  0.118  0.043 -0.022 -0.024 -0.025 -0.025 -0.009 -0.102 -0.190 -0.151 -0.308 -0.452 -0.510 -0.486 -0.535 -0.560 -0.480 -0.461 -0.385 -0.290 -0.153  0.041  0.001  0.193  0.185  0.201  0.222  0.146 -0.040  0.011 -0.133 -0.224 -0.202 -0.182
  0.256  0.424  0.521  0.645  0.445  0.298  0.133 -0.113 -0.010  0.159  0.367  0.608  0.774  1.000  0.757  0.502  0.255  0.013 -0.169 -0.301 -0.269 -0.413 -0.310 -0.239 -0.199 -0.080 -0.060 -0.067  0.022  0.049 -0.007  0.016  0.077  0.082  0.026 -0.048 -0.090 -0.111 -0.121 -0.156 -0.156 -0.121 -0.123 -0.189 -0.179 -0.138 -0.179 -0.195 -0.229 -0.301 -0.396 -0.355 -0.462 -0.553 -0.501 -0.393 -0.394 -0.507 -0.441 -0.336 -0.230 -0.071  0.134  0.312  0.170  0.258  0.071 -0.027 -0.046 -0.065 -0.143  0.019  0.023  0.037  0.075  0.079
  0.337  0.503  0.542  0.495  0.306  0.152  0.012 -0.165 -0.092  0.056  0.168  0.354  0.525  0.757  1.000  0.691  0.423  0.172 -0.043 -0.144 -0.086 -0.242 -0.207 -0.144 -0.099 -0.019 -0.038 -0.046  0.011  0.007 -0.048 -0.027  0.015 -0.002 -0.046 -0.097 -0.124 -0.123 -0.130 -0.178 -0.170 -0.166 -0.177 -0.238 -0.224 -0.148 -0.191 -0.213 -0.249 -0.293 -0.339 -0.266 -0.321 -0.405 -0.343 -0.281 -0.288 -0.403 -0.387 -0.289 -0.195 -0.038  0.170  0.274  0.095  0.132 -0.010 -0.124 -0.132 -0.138 -0.183 -0.035  0.011  0.084  0.122  0.126
  0.641  0.651  0.478  0.311  0.004 -0.111 -0.185 -0.223 -0.156  0.017  0.019  0.126  0.233  0.502  0.691  1.000  0.716  0.485  0.259  0.149  0.159 -0.132 -0.249 -0.244 -0.142 -0.160 -0.246 -0.231 -0.191 -0.239 -0.274 -0.227 -0.179 -0.197 -0.252 -0.289 -0.295 -0.297 -0.266 -0.320 -0.358 -0.326 -0.365 -0.413 -0.359 -0.246 -0.314 -0.338 -0.394 -0.404 -0.425 -0.351 -0.336 -0.334 -0.161 -0.063 -0.026 -0.212 -0.258 -0.111 -0.019  0.160  0.384  0.369  0.106  0.001 -0.211 -0.338 -0.351 -0.318 -0.268 -0.052  0.124  0.299  0.342  0.332
  0.642  0.502  0.342  0.105 -0.171 -0.255 -0.277 -0.222 -0.207 -0.076 -0.126 -0.084  0.010  0.255  0.423  0.716  1.000  0.777  0.494  0.384  0.433  0.090 -0.119 -0.140 -0.042 -0.149 -0.265 -0.240 -0.245 -0.326 -0.341 -0.296 -0.263 -0.292 -0.335 -0.351 -0.336 -0.334 -0.294 -0.348 -0.393 -0.368 -0.407 -0.422 -0.346 -0.224 -0.287 -0.316 -0.379 -0.358 -0.321 -0.233 -0.151 -0.104  0.099  0.167  0.183  0.004 -0.091  0.024  0.085  0.202  0.354  0.249  0.060 -0.106 -0.286 -0.397 -0.408 -0.372 -0.288 -0.113  0.112  0.342  0.368  0.349
  0.628  0.464  0.213 -0.077 -0.365 -0.432 -0.408 -0.262 -0.255 -0.129 -0.264 -0.288 -0.235  0.013  0.172  0.485  0.777  1.000  0.762  0.641  0.588  0.201 -0.116 -0.179 -0.034 -0.211 -0.396 -0.339 -0.345 -0.459 -0.459 -0.392 -0.360 -0.400 -0.446 -0.447 -0.421 -0.422 -0.361 -0.414 -0.482 -0.438 -0.497 -0.478 -0.362 -0.234 -0.310 -0.351 -0.426 -0.377 -0.314 -0.244 -0.083  0.036  0.300  0.392  0.451  0.257  0.129  0.261  0.266  0.324  0.395  0.236  0.079 -0.179 -0.364 -0.493 -0.520 -0.463 -0.316 -0.144  0.164  0.455  0.483  0.460
  0.464  0.298  0.090 -0.194 -0.441 -0.470 -0.432 -0.238 -0.249 -0.189 -0.334 -0.398 -0.382 -0.169 -0.043  0.259  0.494  0.762  1.000  0.777  0.575  0.245 -0.075 -0.178 -0.069 -0.251 -0.429 -0.379 -0.389 -0.494 -0.484 -0.420 -0.390 -0.423 -0.462 -0.444 -0.413 -0.410 -0.343 -0.378 -0.447 -0.399 -0.452 -0.402 -0.266 -0.173 -0.239 -0.281 -0.342 -0.278 -0.201 -0.178  0.019  0.195  0.472  0.606  0.671  0.493  0.360  0.466  0.423  0.389  0.355  0.187  0.122 -0.149 -0.316 -0.444 -0.488 -0.425 -0.255 -0.151  0.163  0.423  0.441  0.415
  0.305  0.130 -0.069 -0.350 -0.497 -0.514 -0.420 -0.198 -0.213 -0.208 -0.380 -0.475 -0.453 -0.301 -0.144  0.149  0.384  0.641  0.777  1.000  0.794  0.488  0.139  0.033  0.131 -0.105 -0.280 -0.223 -0.292 -0.423 -0.397 -0.358 -0.369 -0.408 -0.414 -0.384 -0.327 -0.310 -0.253 -0.296 -0.357 -0.333 -0.381 -0.351 -0.260 -0.172 -0.214 -0.229 -0.251 -0.160 -0.041  0.013  0.223  0.395  0.637  0.627  0.681  0.562  0.382  0.431  0.341  0.252  0.184 -0.007 -0.047 -0.294 -0.359 -0.441 -0.440 -0.387 -0.237 -0.168  0.110  0.351  0.354  0.332
  0.215  0.036 -0.130 -0.369 -0.429 -0.428 -0.314 -0.131 -0.154 -0.185 -0.339 -0.413 -0.368 -0.269 -0.086  0.159  0.433  0.588  0.575  0.794  1.000  0.731  0.378  0.273  0.368  0.101 -0.068 -0.021 -0.143 -0.287 -0.264 -0.261 -0.303 -0.340 -0.319 -0.280 -0.214 -0.184 -0.150 -0.185 -0.222 -0.237 -0.270 -0.277 -0.245 -0.172 -0.186 -0.171 -0.151 -0.046  0.099  0.208  0.371  0.489  0.651  0.530  0.488  0.412  0.214  0.206  0.141  0.071  0.027 -0.145 -0.197 -0.362 -0.354 -0.372 -0.328 -0.286 -0.194 -0.152  0.020  0.199  0.194  0.186
 -0.145 -0.302 -0.358 -0.491 -0.338 -0.284 -0.156 -0.007 -0.035 -0.179 -0.299 -0.401 -0.357 -0.413 -0.242 -0.132  0.090  0.201  0.245  0.488  0.731  1.000  0.755  0.637  0.666  0.434  0.267  0.272  0.115 -0.028 -0.020 -0.059 -0.142 -0.175 -0.116 -0.063  0.008  0.058  0.043  0.040  0.058 -0.015  0.016  0.008 -0.030 -0.024  0.018  0.076  0.168  0.303  0.483  0.610  0.697  0.744  0.692  0.437  0.320  0.403  0.219  0.087 -0.011 -0.147 -0.263 -0.403 -0.353 -0.387 -0.217 -0.140 -0.062 -0.057 -0.049 -0.151 -0.127 -0.106 -0.137 -0.126
 -0.365 -0.440 -0.402 -0.388 -0.113 -0.046  0.050  0.080  0.062 -0.094 -0.129 -0.195 -0.155 -0.310 -0.207 -0.249 -0.119 -0.116 -0.075  0.139  0.378  0.755  1.000  0.836  0.689  0.606  0.577  0.498  0.297  0.205  0.212  0.126  0.016  0.002  0.087  0.136  0.218  0.293  0.232  0.218  0.282  0.193  0.283  0.251  0.167  0.115  0.188  0.278  0.414  0.529  0.647  0.766  0.677  0.618  0.437  0.192  0.018  0.170  0.086 -0.112 -0.185 -0.317 -0.430 -0.486 -0.386 -0.282 -0.040  0.106  0.187  0.151  0.066 -0.110 -0.243 -0.364 -0.406 -0.385
 -0.421 -0.471 -0.407 -0.352 -0.027  0.021  0.122  0.115  0.095 -0.052 -0.063 -0.113 -0.048 -0.239 -0.144 -0.244 -0.140 -0.179 -0.178  0.033  0.273  0.637  0.836  1.000  0.820  0.628  0.715  0.689  0.454  0.362  0.386  0.299  0.171  0.142  0.239  0.252  0.296  0.359  0.261  0.259  0.354  0.184  0.278  0.252  0.147  0.133  0.204  0.285  0.402  0.487  0.622  0.781  0.691  0.529  0.318  0.032 -0.137  0.028 -0.053 -0.267 -0.322 -0.421 -0.514 -0.550 -0.460 -0.309 -0.028  0.137  0.240  0.170  0.048 -0.132 -0.322 -0.436 -0.463 -0.428
 -0.279 -0.344 -0.368 -0.364 -0.119 -0.092  0.029  0.038  0.041 -0.055 -0.104 -0.140 -0.065 -0.199 -0.099 -0.142 -0.042 -0.034 -0.069  0.131  0.368  0.666  0.689  0.820  1.000  0.755  0.601  0.669  0.521  0.326  0.315  0.275  0.144  0.079  0.160  0.157  0.208  0.255  0.177  0.166  0.224  0.091  0.130  0.064 -0.039 -0.025  0.021  0.092  0.197  0.285  0.426  0.590  0.556  0.431  0.305  0.054 -0.082  0.013 -0.102 -0.247 -0.299 -0.369 -0.428 -0.481 -0.458 -0.373 -0.170 -0.032  0.087  0.054 -0.040 -0.118 -0.234 -0.268 -0.288 -0.258
 -0.337 -0.331 -0.312 -0.227  0.029  0.048  0.135  0.056  0.073 -0.000  0.011  0.008  0.076 -0.080 -0.019 -0.160 -0.149 -0.211 -0.251 -0.105  0.101  0.434  0.606  0.628  0.755  1.000  0.748  0.659  0.644  0.515  0.413  0.366  0.253  0.178  0.235  0.224  0.285  0.355  0.253  0.209  0.271  0.201  0.256  0.159  0.045  0.021  0.075  0.127  0.227  0.267  0.322  0.457  0.360  0.219  0.051 -0.129 -0.250 -0.154 -0.196 -0.316 -0.347 -0.399 -0.436 -0.414 -0.381 -0.236 -0.061  0.090  0.182  0.129 -0.013 -0.084 -0.243 -0.336 -0.347 -0.315
 -0.502 -0.457 -0.348 -0.174  0.187  0.214  0.297  0.168  0.155  0.048  0.112  0.110  0.171 -0.060 -0.038 -0.246 -0.265 -0.396 -0.429 -0.280 -0.068  0.267  0.577  0.715  0.601  0.748  1.000  0.860  0.668  0.687  0.687  0.542  0.399  0.395  0.497  0.498  0.542  0.611  0.475  0.415  0.513  0.362  0.430  0.338  0.174  0.130  0.217  0.269  0.391  0.393  0.435  0.554  0.394  0.187 -0.049 -0.268 -0.415 -0.259 -0.258 -0.445 -0.471 -0.528 -0.572 -0.512 -0.433 -0.187  0.083  0.288  0.396  0.315  0.130 -0.029 -0.340 -0.572 -0.599 -0.556
 -0.468 -0.433 -0.362 -0.214  0.135  0.143  0.249  0.133  0.127  0.042  0.089  0.086  0.160 -0.067 -0.046 -0.231 -0.240 -0.339 -0.379 -0.223 -0.021  0.272  0.498  0.689  0.669  0.659  0.860  1.000  0.798  0.690  0.750  0.668  0.485  0.432  0.548  0.501  0.520  0.547  0.413  0.376  0.455  0.284  0.320  0.220  0.051  0.047  0.119  0.172  0.289  0.300  0.379  0.499  0.382  0.181 -0.023 -0.251 -0.383 -0.247 -0.275 -0.448 -0.480 -0.529 -0.570 -0.530 -0.480 -0.269 -0.011  0.179  0.312  0.242  0.070 -0.046 -0.330 -0.500 -0.523 -0.478
 -0.391 -0.323 -0.270 -0.110  0.173  0.160  0.208  0.057  0.067  0.068  0.141  0.161  0.224  0.022  0.011 -0.191 -0.245 -0.345 -0.389 -0.292 -0.143  0.115  0.297  0.454  0.521  0.644  0.668  0.798  1.000  0.826  0.710  0.767  0.668  0.518  0.534  0.407  0.342  0.352  0.204  0.204  0.307  0.153  0.200  0.112 -0.014  0.006  0.046  0.075  0.150  0.142  0.198  0.309  0.203  0.017 -0.158 -0.320 -0.413 -0.318 -0.326 -0.436 -0.447 -0.457 -0.464 -0.392 -0.365 -0.177 -0.014  0.118  0.212  0.129 -0.033 -0.096 -0.280 -0.362 -0.361 -0.320
 -0.458 -0.359 -0.246 -0.019  0.293  0.300  0.304  0.121  0.094  0.098  0.218  0.235  0.272  0.049  0.007 -0.239 -0.326 -0.459 -0.494 -0.423 -0.287 -0.028  0.205  0.362  0.326  0.515  0.687  0.690  0.826  1.000  0.865  0.789  0.760  0.726  0.714  0.633  0.511  0.487  0.348  0.363  0.467  0.280  0.314  0.239  0.088  0.072  0.137  0.148  0.225  0.168  0.185  0.269  0.136 -0.060 -0.265 -0.408 -0.495 -0.379 -0.345 -0.466 -0.466 -0.477 -0.478 -0.367 -0.304 -0.062  0.119  0.282  0.367  0.298  0.126  0.007 -0.278 -0.500 -0.523 -0.483
 -0.487 -0.407 -0.295 -0.080  0.254  0.267  0.315  0.158  0.124  0.087  0.196  0.195  0.230 -0.007 -0.048 -0.274 -0.341 -0.459 -0.484 -0.397 -0.264 -0.020  0.212  0.386  0.315  0.413  0.687  0.750  0.710  0.865  1.000  0.859  0.720  0.737  0.819  0.752  0.682  0.631  0.501  0.478  0.524  0.347  0.345  0.258  0.083  0.070  0.145  0.161  0.251  0.198  0.228  0.293  0.170 -0.018 -0.221 -0.381 -0.467 -0.339 -0.311 -0.451 -0.470 -0.498 -0.520 -0.431 -0.363 -0.125  0.090  0.279  0.391  0.341  0.172  0.043 -0.297 -0.554 -0.590 -0.548
 -0.401 -0.320 -0.250 -0.067  0.212  0.199  0.227  0.073  0.067  0.090  0.189  0.194  0.234  0.016 -0.027 -0.227 -0.296 -0.392 -0.420 -0.358 -0.261 -0.059  0.126  0.299  0.275  0.366  0.542  0.668  0.767  0.789  0.859  1.000  0.858  0.719  0.748  0.566  0.435  0.396  0.253  0.256  0.334  0.162  0.196  0.138  0.020  0.052  0.091  0.098  0.149  0.104  0.141  0.215  0.112 -0.064 -0.230 -0.357 -0.424 -0.329 -0.309 -0.411 -0.419 -0.422 -0.432 -0.352 -0.311 -0.123  0.033  0.161  0.243  0.165  0.011 -0.072 -0.287 -0.394 -0.402 -0.361
 -0.317 -0.226 -0.151  0.030  0.243  0.228  0.182  0.027  0.012  0.108  0.231  0.236  0.255  0.077  0.015 -0.179 -0.263 -0.360 -0.390 -0.369 -0.303 -0.142  0.016  0.171  0.144  0.253  0.399  0.485  0.668  0.760  0.720  0.858  1.000  0.849  0.722  0.537  0.278  0.225  0.097  0.138  0.257  0.067  0.122  0.102  0.024  0.054  0.076  0.070  0.095  0.037  0.057  0.126  0.022 -0.136 -0.274 -0.357 -0.405 -0.336 -0.302 -0.372 -0.354 -0.331 -0.316 -0.219 -0.181 -0.014  0.079  0.155  0.199  0.130  0.005 -0.073 -0.226 -0.318 -0.330 -0.299
 -0.339 -0.249 -0.141  0.057  0.268  0.271  0.214  0.067  0.023  0.129  0.273  0.261  0.255  0.082 -0.002 -0.197 -0.292 -0.400 -0.423 -0.408 -0.340 -0.175  0.002  0.142  0.079  0.178  0.395  0.432  0.518  0.726  0.737  0.719  0.849  1.000  0.883  0.761  0.479  0.372  0.270  0.297  0.383  0.174  0.197  0.170  0.062  0.059  0.103  0.100  0.144  0.070  0.074  0.119 -0.003 -0.154 -0.300 -0.373 -0.422 -0.343 -0.290 -0.371 -0.348 -0.333 -0.317 -0.211 -0.159  0.024  0.127  0.229  0.284  0.261  0.154  0.047 -0.196 -0.411 -0.453 -0.427
 -0.425 -0.345 -0.227 -0.020  0.258  0.269  0.281  0.135  0.080  0.103  0.240  0.225  0.241  0.026 -0.046 -0.252 -0.335 -0.446 -0.462 -0.414 -0.319 -0.116  0.087  0.239  0.160  0.235  0.497  0.548  0.534  0.714  0.819  0.748  0.722  0.883  1.000  0.890  0.690  0.557  0.448  0.463  0.504  0.306  0.297  0.238  0.080  0.066  0.136  0.140  0.215  0.141  0.156  0.199  0.073 -0.091 -0.267 -0.379 -0.444 -0.337 -0.290 -0.406 -0.405 -0.416 -0.422 -0.329 -0.265 -0.057  0.115  0.278  0.376  0.365  0.234  0.107 -0.243 -0.515 -0.561 -0.526
 -0.451 -0.388 -0.260 -0.069  0.222  0.264  0.301  0.197  0.111  0.053  0.173  0.148  0.152 -0.048 -0.097 -0.289 -0.351 -0.447 -0.444 -0.384 -0.280 -0.063  0.136  0.252  0.157  0.224  0.498  0.501  0.407  0.633  0.752  0.566  0.537  0.761  0.890  1.000  0.834  0.669  0.572  0.595  0.599  0.430  0.387  0.318  0.135  0.079  0.173  0.181  0.279  0.210  0.216  0.231  0.117 -0.021 -0.206 -0.326 -0.394 -0.268 -0.220 -0.353 -0.368 -0.409 -0.437 -0.359 -0.273 -0.059  0.143  0.342  0.446  0.469  0.347  0.201 -0.215 -0.566 -0.628 -0.596
 -0.463 -0.419 -0.305 -0.134  0.166  0.219  0.313  0.238  0.170  0.034  0.116  0.093  0.108 -0.090 -0.124 -0.295 -0.336 -0.421 -0.413 -0.327 -0.214  0.008  0.218  0.296  0.208  0.285  0.542  0.520  0.342  0.511  0.682  0.435  0.278  0.479  0.690  0.834  1.000  0.866  0.731  0.676  0.591  0.510  0.431  0.326  0.125  0.057  0.160  0.180  0.297  0.251  0.264  0.261  0.158  0.040 -0.143 -0.278 -0.350 -0.216 -0.179 -0.321 -0.361 -0.426 -0.473 -0.418 -0.334 -0.128  0.098  0.320  0.442  0.462  0.337  0.218 -0.202 -0.563 -0.620 -0.585
 -0.484 -0.446 -0.328 -0.165  0.144  0.208  0.334  0.267  0.227  0.034  0.090  0.071  0.086 -0.111 -0.123 -0.297 -0.334 -0.422 -0.410 -0.310 -0.184  0.058  0.293  0.359  0.255  0.355  0.611  0.547  0.352  0.487  0.631  0.396  0.225  0.372  0.557  0.669  0.866  1.000  0.841  0.646  0.618  0.564  0.487  0.358  0.151  0.073  0.181  0.209  0.336  0.305  0.310  0.309  0.201  0.084 -0.110 -0.262 -0.339 -0.192 -0.162 -0.315 -0.375 -0.455 -0.510 -0.456 -0.373 -0.152  0.087  0.321  0.433  0.440  0.294  0.163 -0.232 -0.568 -0.620 -0.583
 -0.421 -0.398 -0.289 -0.148  0.108  0.182  0.323  0.270  0.232  0.028  0.058  0.041  0.043 -0.121 -0.130 -0.266 -0.294 -0.361 -0.343 -0.253 -0.150  0.043  0.232  0.261  0.177  0.253  0.475  0.413  0.204  0.348  0.501  0.253  0.097  0.270  0.448  0.572  0.731  0.841  1.000  0.763  0.676  0.654  0.514  0.355  0.131  0.025  0.139  0.169  0.304  0.279  0.262  0.229  0.149  0.077 -0.085 -0.207 -0.263 -0.131 -0.098 -0.234 -0.301 -0.392 -0.444 -0.403 -0.330 -0.141  0.077  0.311  0.442  0.510  0.418  0.287 -0.139 -0.507 -0.599 -0.584
 -0.464 -0.439 -0.294 -0.120  0.177  0.275  0.362  0.286  0.191 -0.031  0.046  0.037  0.039 -0.156 -0.178 -0.320 -0.348 -0.414 -0.378 -0.296 -0.185  0.040  0.218  0.259  0.166  0.209  0.415  0.376  0.204  0.363  0.478  0.256  0.138  0.297  0.463  0.595  0.676  0.646  0.763  1.000  0.835  0.755  0.595  0.447  0.193  0.050  0.185  0.220  0.369  0.325  0.299  0.257  0.177  0.104 -0.082 -0.207 -0.275 -0.121 -0.070 -0.227 -0.278 -0.385 -0.446 -0.398 -0.293 -0.083  0.177  0.428  0.598  0.696  0.646  0.486 -0.078 -0.548 -0.673 -0.668
 -0.533 -0.492 -0.307 -0.097  0.252  0.366  0.432  0.329  0.232 -0.022  0.074  0.070  0.075 -0.156 -0.170 -0.358 -0.393 -0.482 -0.447 -0.357 -0.222  0.058  0.282  0.354  0.224  0.271  0.513  0.455  0.307  0.467  0.524  0.334  0.257  0.383  0.504  0.599  0.591  0.618  0.676  0.835  1.000  0.783  0.681  0.549  0.281  0.120  0.266  0.307  0.461  0.411  0.383  0.354  0.241  0.137 -0.093 -0.249 -0.336 -0.155 -0.100 -0.287 -0.333 -0.440 -0.502 -0.428 -0.294 -0.033  0.270  0.541  0.698  0.747  0.628  0.358 -0.183 -0.625 -0.739 -0.727
 -0.462 -0.420 -0.264 -0.062  0.242  0.342  0.448  0.330  0.273 -0.010  0.072  0.084  0.082 -0.121 -0.166 -0.326 -0.368 -0.438 -0.399 -0.333 -0.237 -0.015  0.193  0.184  0.091  0.201  0.362  0.284  0.153  0.280  0.347  0.162  0.067  0.174  0.306  0.430  0.510  0.564  0.654  0.755  0.783  1.000  0.812  0.588  0.297  0.071  0.212  0.259  0.436  0.398  0.305  0.202  0.112  0.074 -0.115 -0.212 -0.268 -0.117 -0.043 -0.185 -0.242 -0.365 -0.421 -0.351 -0.232 -0.001  0.268  0.543  0.703  0.791  0.614  0.429 -0.095 -0.545 -0.653 -0.650
 -0.509 -0.455 -0.275 -0.038  0.310  0.401  0.461  0.326  0.256  0.014  0.118  0.123  0.118 -0.123 -0.177 -0.365 -0.407 -0.497 -0.452 -0.381 -0.270  0.016  0.283  0.278  0.130  0.256  0.430  0.320  0.200  0.314  0.345  0.196  0.122  0.197  0.297  0.387  0.431  0.487  0.514  0.595  0.681  0.812  1.000  0.809  0.503  0.214  0.357  0.407  0.599  0.553  0.435  0.336  0.196  0.124 -0.109 -0.230 -0.315 -0.136 -0.049 -0.222 -0.259 -0.375 -0.434 -0.347 -0.201  0.067  0.388  0.666  0.733  0.697  0.481  0.225 -0.199 -0.596 -0.682 -0.668
 -0.483 -0.435 -0.239 -0.019  0.305  0.409  0.417  0.312  0.212 -0.034  0.062  0.053  0.043 -0.189 -0.238 -0.413 -0.422 -0.478 -0.402 -0.351 -0.277  0.008  0.251  0.252  0.064  0.159  0.338  0.220  0.112  0.239  0.258  0.138  0.102  0.170  0.238  0.318  0.326  0.358  0.355  0.447  0.549  0.588  0.809  1.000  0.779  0.451  0.588  0.623  0.676  0.558  0.448  0.355  0.233  0.168 -0.067 -0.172 -0.250 -0.072  0.018 -0.146 -0.159 -0.259 -0.332 -0.257 -0.074  0.171  0.495  0.734  0.677  0.587  0.391  0.079 -0.236 -0.577 -0.646 -0.629
 -0.342 -0.300 -0.159 -0.009  0.203  0.280  0.246  0.182  0.108 -0.074 -0.005 -0.011 -0.022 -0.179 -0.224 -0.359 -0.346 -0.362 -0.266 -0.260 -0.245 -0.030  0.167  0.147 -0.039  0.045  0.174  0.051 -0.014  0.088  0.083  0.020  0.024  0.062  0.080  0.135  0.125  0.151  0.131  0.193  0.281  0.297  0.503  0.779  1.000  0.703  0.636  0.625  0.517  0.465  0.365  0.267  0.163  0.131 -0.038 -0.079 -0.146 -0.020  0.074 -0.035 -0.005 -0.052 -0.141 -0.100  0.089  0.251  0.457  0.555  0.432  0.323  0.196 -0.060 -0.190 -0.389 -0.426 -0.416
 -0.239 -0.218 -0.121 -0.029  0.112  0.160  0.128  0.091  0.053 -0.069 -0.022 -0.035 -0.024 -0.138 -0.148 -0.246 -0.224 -0.234 -0.173 -0.172 -0.172 -0.024  0.115  0.133 -0.025  0.021  0.130  0.047  0.006  0.072  0.070  0.052  0.054  0.059  0.066  0.079  0.057  0.073  0.025  0.050  0.120  0.071  0.214  0.451  0.703  1.000  0.755  0.544  0.335  0.275  0.244  0.219  0.151  0.095 -0.030 -0.071 -0.117 -0.034  0.016 -0.051 -0.029 -0.048 -0.112 -0.102  0.010  0.105  0.270  0.334  0.224  0.109  0.031 -0.160 -0.196 -0.271 -0.269 -0.254
 -0.337 -0.316 -0.176 -0.061  0.146  0.215  0.208  0.162  0.096 -0.080 -0.014 -0.034 -0.025 -0.179 -0.191 -0.314 -0.287 -0.310 -0.239 -0.214 -0.186  0.018  0.188  0.204  0.021  0.075  0.217  0.119  0.046  0.137  0.145  0.091  0.076  0.103  0.136  0.173  0.160  0.181  0.139  0.185  0.266  0.212  0.357  0.588  0.636  0.755  1.000  0.739  0.519  0.357  0.304  0.293  0.220  0.154 -0.014 -0.087 -0.143 -0.023  0.031 -0.071 -0.073 -0.129 -0.203 -0.182 -0.057  0.071  0.291  0.427  0.350  0.246  0.140 -0.097 -0.228 -0.391 -0.407 -0.391
 -0.380 -0.359 -0.219 -0.086  0.141  0.197  0.181  0.133  0.094 -0.026  0.008 -0.016 -0.025 -0.195 -0.213 -0.338 -0.316 -0.351 -0.281 -0.229 -0.171  0.076  0.278  0.285  0.092  0.127  0.269  0.172  0.075  0.148  0.161  0.098  0.070  0.100  0.140  0.181  0.180  0.209  0.169  0.220  0.307  0.259  0.407  0.623  0.625  0.544  0.739  1.000  0.763  0.554  0.429  0.394  0.272  0.201  0.008 -0.088 -0.168 -0.021  0.047 -0.092 -0.104 -0.178 -0.262 -0.233 -0.102  0.057  0.276  0.390  0.353  0.280  0.182 -0.062 -0.206 -0.404 -0.455 -0.440
 -0.490 -0.468 -0.302 -0.135  0.173  0.247  0.247  0.186  0.155  0.013  0.054  0.011 -0.009 -0.229 -0.249 -0.394 -0.379 -0.426 -0.342 -0.251 -0.151  0.168  0.414  0.402  0.197  0.227  0.391  0.289  0.150  0.225  0.251  0.149  0.095  0.144  0.215  0.279  0.297  0.336  0.304  0.369  0.461  0.436  0.599  0.676  0.517  0.335  0.519  0.763  1.000  0.786  0.609  0.528  0.368  0.309  0.070 -0.071 -0.175  0.029  0.105 -0.098 -0.146 -0.286 -0.393 -0.353 -0.194  0.019  0.297  0.465  0.484  0.435  0.299  0.027 -0.227 -0.527 -0.594 -0.576
 -0.477 -0.474 -0.339 -0.227  0.066  0.141  0.156  0.137  0.110 -0.040 -0.028 -0.084 -0.102 -0.301 -0.293 -0.404 -0.358 -0.377 -0.278 -0.160 -0.046  0.303  0.529  0.487  0.285  0.267  0.393  0.300  0.142  0.168  0.198  0.104  0.037  0.070  0.141  0.210  0.251  0.305  0.279  0.325  0.411  0.398  0.553  0.558  0.465  0.275  0.357  0.554  0.786  1.000  0.831  0.666  0.482  0.458  0.207  0.041 -0.082  0.143  0.207 -0.025 -0.086 -0.247 -0.395 -0.388 -0.218 -0.034  0.235  0.356  0.396  0.366  0.258 -0.004 -0.206 -0.459 -0.530 -0.514
 -0.494 -0.537 -0.403 -0.337 -0.015  0.069  0.104  0.139  0.095 -0.082 -0.098 -0.186 -0.190 -0.396 -0.339 -0.425 -0.321 -0.314 -0.201 -0.041  0.099  0.483  0.647  0.622  0.426  0.322  0.435  0.379  0.198  0.185  0.228  0.141  0.057  0.074  0.156  0.216  0.264  0.310  0.262  0.299  0.383  0.305  0.435  0.448  0.365  0.244  0.304  0.429  0.609  0.831  1.000  0.855  0.710  0.664  0.389  0.152  0.010  0.261  0.257 -0.009 -0.095 -0.275 -0.450 -0.484 -0.296 -0.133  0.162  0.279  0.333  0.295  0.213 -0.061 -0.232 -0.447 -0.514 -0.494
 -0.469 -0.528 -0.423 -0.370 -0.038  0.035  0.094  0.126  0.086 -0.074 -0.092 -0.177 -0.151 -0.355 -0.266 -0.351 -0.233 -0.244 -0.178  0.013  0.208  0.610  0.766  0.781  0.590  0.457  0.554  0.499  0.309  0.269  0.293  0.215  0.126  0.119  0.199  0.231  0.261  0.309  0.229  0.257  0.354  0.202  0.336  0.355  0.267  0.219  0.293  0.394  0.528  0.666  0.855  1.000  0.836  0.687  0.413  0.124 -0.046  0.182  0.114 -0.145 -0.216 -0.358 -0.497 -0.535 -0.386 -0.229  0.068  0.203  0.275  0.211  0.120 -0.127 -0.285 -0.449 -0.493 -0.463
 -0.379 -0.487 -0.420 -0.461 -0.184 -0.111 -0.018  0.097  0.043 -0.157 -0.228 -0.341 -0.308 -0.462 -0.321 -0.336 -0.151 -0.083  0.019  0.223  0.371  0.697  0.677  0.691  0.556  0.360  0.394  0.382  0.203  0.136  0.170  0.112  0.022 -0.003  0.073  0.117  0.158  0.201  0.149  0.177  0.241  0.112  0.196  0.233  0.163  0.151  0.220  0.272  0.368  0.482  0.710  0.836  1.000  0.848  0.611  0.318  0.191  0.390  0.253  0.029 -0.079 -0.241 -0.404 -0.503 -0.363 -0.299 -0.026  0.079  0.144  0.098  0.057 -0.165 -0.235 -0.311 -0.346 -0.323
 -0.285 -0.431 -0.393 -0.503 -0.304 -0.222 -0.126  0.049 -0.006 -0.221 -0.330 -0.463 -0.452 -0.553 -0.405 -0.334 -0.104  0.036  0.195  0.395  0.489  0.744  0.618  0.529  0.431  0.219  0.187  0.181  0.017 -0.060 -0.018 -0.064 -0.136 -0.154 -0.091 -0.021  0.040  0.084  0.077  0.104  0.137  0.074  0.124  0.168  0.131  0.095  0.154  0.201  0.309  0.458  0.664  0.687  0.848  1.000  0.821  0.551  0.441  0.628  0.465  0.258  0.122 -0.080 -0.271 -0.409 -0.266 -0.283 -0.064 -0.001  0.045  0.038  0.056 -0.150 -0.141 -0.181 -0.228 -0.220
 -0.045 -0.215 -0.276 -0.476 -0.430 -0.376 -0.282 -0.064 -0.107 -0.247 -0.394 -0.520 -0.510 -0.501 -0.343 -0.161  0.099  0.300  0.472  0.637  0.651  0.692  0.437  0.318  0.305  0.051 -0.049 -0.023 -0.158 -0.265 -0.221 -0.230 -0.274 -0.300 -0.267 -0.206 -0.143 -0.110 -0.085 -0.082 -0.093 -0.115 -0.109 -0.067 -0.038 -0.030 -0.014  0.008  0.070  0.207  0.389  0.413  0.611  0.821  1.000  0.798  0.683  0.750  0.550  0.435  0.310  0.111 -0.057 -0.233 -0.141 -0.281 -0.196 -0.205 -0.182 -0.155 -0.064 -0.166 -0.026  0.053  0.021  0.015
  0.134 -0.004 -0.116 -0.336 -0.438 -0.402 -0.350 -0.148 -0.181 -0.232 -0.375 -0.474 -0.486 -0.393 -0.281 -0.063  0.167  0.392  0.606  0.627  0.530  0.437  0.192  0.032  0.054 -0.129 -0.268 -0.251 -0.320 -0.408 -0.381 -0.357 -0.357 -0.373 -0.379 -0.326 -0.278 -0.262 -0.207 -0.207 -0.249 -0.212 -0.230 -0.172 -0.079 -0.071 -0.087 -0.088 -0.071  0.041  0.152  0.124  0.318  0.551  0.798  1.000  0.831  0.749  0.664  0.644  0.586  0.358  0.194  0.013  0.071 -0.150 -0.200 -0.268 -0.297 -0.239 -0.103 -0.133  0.078  0.201  0.178  0.156
  0.224  0.072 -0.043 -0.309 -0.484 -0.464 -0.414 -0.181 -0.213 -0.249 -0.407 -0.514 -0.535 -0.394 -0.288 -0.026  0.183  0.451  0.671  0.681  0.488  0.320  0.018 -0.137 -0.082 -0.250 -0.415 -0.383 -0.413 -0.495 -0.467 -0.424 -0.405 -0.422 -0.444 -0.394 -0.350 -0.339 -0.263 -0.275 -0.336 -0.268 -0.315 -0.250 -0.146 -0.117 -0.143 -0.168 -0.175 -0.082  0.010 -0.046  0.191  0.441  0.683  0.831  1.000  0.857  0.703  0.757  0.610  0.427  0.297  0.114  0.146 -0.128 -0.224 -0.334 -0.378 -0.308 -0.130 -0.122  0.162  0.331  0.316  0.285
  0.014 -0.144 -0.154 -0.370 -0.431 -0.377 -0.322 -0.094 -0.136 -0.266 -0.406 -0.530 -0.560 -0.507 -0.403 -0.212  0.004  0.257  0.493  0.562  0.412  0.403  0.170  0.028  0.013 -0.154 -0.259 -0.247 -0.318 -0.379 -0.339 -0.329 -0.336 -0.343 -0.337 -0.268 -0.216 -0.192 -0.131 -0.121 -0.155 -0.117 -0.136 -0.072 -0.020 -0.034 -0.023 -0.021  0.029  0.143  0.261  0.182  0.390  0.628  0.750  0.749  0.857  1.000  0.840  0.730  0.522  0.295  0.134 -0.036  0.051 -0.138 -0.125 -0.192 -0.212 -0.159 -0.015 -0.108  0.084  0.146  0.114  0.095
 -0.020 -0.123 -0.096 -0.259 -0.330 -0.269 -0.250 -0.078 -0.123 -0.232 -0.338 -0.438 -0.480 -0.441 -0.387 -0.258 -0.091  0.129  0.360  0.382  0.214  0.219  0.086 -0.053 -0.102 -0.196 -0.258 -0.275 -0.326 -0.345 -0.311 -0.309 -0.302 -0.290 -0.290 -0.220 -0.179 -0.162 -0.098 -0.070 -0.100 -0.043 -0.049  0.018  0.074  0.016  0.031  0.047  0.105  0.207  0.257  0.114  0.253  0.465  0.550  0.664  0.703  0.840  1.000  0.820  0.672  0.388  0.205  0.048  0.147 -0.020 -0.024 -0.086 -0.125 -0.065  0.061 -0.048  0.088  0.083  0.041  0.021
  0.186  0.092  0.044 -0.168 -0.367 -0.339 -0.340 -0.159 -0.186 -0.226 -0.339 -0.420 -0.461 -0.336 -0.289 -0.111  0.024  0.261  0.466  0.431  0.206  0.087 -0.112 -0.267 -0.247 -0.316 -0.445 -0.448 -0.436 -0.466 -0.451 -0.411 -0.372 -0.371 -0.406 -0.353 -0.321 -0.315 -0.234 -0.227 -0.287 -0.185 -0.222 -0.146 -0.035 -0.051 -0.071 -0.092 -0.098 -0.025 -0.009 -0.145  0.029  0.258  0.435  0.644  0.757  0.730  0.820  1.000  0.824  0.566  0.408  0.240  0.283  0.034 -0.083 -0.207 -0.282 -0.215 -0.051 -0.064  0.171  0.276  0.260  0.229
  0.265  0.220  0.133 -0.070 -0.310 -0.298 -0.333 -0.190 -0.225 -0.190 -0.289 -0.350 -0.385 -0.230 -0.195 -0.019  0.085  0.266  0.423  0.341  0.141 -0.011 -0.185 -0.322 -0.299 -0.347 -0.471 -0.480 -0.447 -0.466 -0.470 -0.419 -0.354 -0.348 -0.405 -0.368 -0.361 -0.375 -0.301 -0.278 -0.333 -0.242 -0.259 -0.159 -0.005 -0.029 -0.073 -0.104 -0.146 -0.086 -0.095 -0.216 -0.079  0.122  0.310  0.586  0.610  0.522  0.672  0.824  1.000  0.778  0.566  0.375  0.430  0.132 -0.042 -0.186 -0.291 -0.227 -0.067 -0.056  0.178  0.299  0.283  0.250
  0.457  0.415  0.294  0.055 -0.277 -0.303 -0.368 -0.256 -0.274 -0.158 -0.244 -0.267 -0.290 -0.071 -0.038  0.160  0.202  0.324  0.389  0.252  0.071 -0.147 -0.317 -0.421 -0.369 -0.399 -0.528 -0.529 -0.457 -0.477 -0.498 -0.422 -0.331 -0.333 -0.416 -0.409 -0.426 -0.455 -0.392 -0.385 -0.440 -0.365 -0.375 -0.259 -0.052 -0.048 -0.129 -0.178 -0.286 -0.247 -0.275 -0.358 -0.241 -0.080  0.111  0.358  0.427  0.295  0.388  0.566  0.778  1.000  0.782  0.556  0.560  0.212 -0.063 -0.256 -0.385 -0.327 -0.153 -0.073  0.227  0.410  0.415  0.379
  0.636  0.611  0.496  0.259 -0.180 -0.236 -0.348 -0.293 -0.287 -0.130 -0.183 -0.155 -0.153  0.134  0.170  0.384  0.354  0.395  0.355  0.184  0.027 -0.263 -0.430 -0.514 -0.428 -0.436 -0.572 -0.570 -0.464 -0.478 -0.520 -0.432 -0.316 -0.317 -0.422 -0.437 -0.473 -0.510 -0.444 -0.446 -0.502 -0.421 -0.434 -0.332 -0.141 -0.112 -0.203 -0.262 -0.393 -0.395 -0.450 -0.497 -0.404 -0.271 -0.057  0.194  0.297  0.134  0.205  0.408  0.566  0.782  1.000  0.816  0.631  0.321 -0.044 -0.270 -0.412 -0.360 -0.190 -0.052  0.268  0.455  0.477  0.443
  0.550  0.635  0.597  0.488  0.039 -0.036 -0.229 -0.265 -0.239 -0.062 -0.048  0.043  0.041  0.312  0.274  0.369  0.249  0.236  0.187 -0.007 -0.145 -0.403 -0.486 -0.550 -0.481 -0.414 -0.512 -0.530 -0.392 -0.367 -0.431 -0.352 -0.219 -0.211 -0.329 -0.359 -0.418 -0.456 -0.403 -0.398 -0.428 -0.351 -0.347 -0.257 -0.100 -0.102 -0.182 -0.233 -0.353 -0.388 -0.484 -0.535 -0.503 -0.409 -0.233  0.013  0.114 -0.036  0.048  0.240  0.375  0.556  0.816  1.000  0.785  0.528  0.125 -0.132 -0.295 -0.263 -0.141 -0.015  0.245  0.361  0.392  0.364
  0.319  0.389  0.469  0.453  0.132  0.091 -0.135 -0.167 -0.186 -0.079 -0.041  0.030  0.001  0.170  0.095  0.106  0.060  0.079  0.122 -0.047 -0.197 -0.353 -0.386 -0.460 -0.458 -0.381 -0.433 -0.480 -0.365 -0.304 -0.363 -0.311 -0.181 -0.159 -0.265 -0.273 -0.334 -0.373 -0.330 -0.293 -0.294 -0.232 -0.201 -0.074  0.089  0.010 -0.057 -0.102 -0.194 -0.218 -0.296 -0.386 -0.363 -0.266 -0.141  0.071  0.146  0.051  0.147  0.283  0.430  0.560  0.631  0.785  1.000  0.698  0.340  0.060 -0.127 -0.124 -0.034 -0.020  0.187  0.213  0.217  0.188
  0.072  0.182  0.413  0.630  0.458  0.450  0.134 -0.011 -0.045 -0.019  0.110  0.219  0.193  0.258  0.132  0.001 -0.106 -0.179 -0.149 -0.294 -0.362 -0.387 -0.282 -0.309 -0.373 -0.236 -0.187 -0.269 -0.177 -0.062 -0.125 -0.123 -0.014  0.024 -0.057 -0.059 -0.128 -0.152 -0.141 -0.083 -0.033 -0.001  0.067  0.171  0.251  0.105  0.071  0.057  0.019 -0.034 -0.133 -0.229 -0.299 -0.283 -0.281 -0.150 -0.128 -0.138 -0.020  0.034  0.132  0.212  0.321  0.528  0.698  1.000  0.704  0.363  0.170  0.121  0.104  0.027  0.057 -0.077 -0.079 -0.086
 -0.230 -0.125  0.173  0.449  0.607  0.603  0.348  0.199  0.097 -0.049  0.107  0.189  0.185  0.071 -0.010 -0.211 -0.286 -0.364 -0.316 -0.359 -0.354 -0.217 -0.040 -0.028 -0.170 -0.061  0.083 -0.011 -0.014  0.119  0.090  0.033  0.079  0.127  0.115  0.143  0.098  0.087  0.077  0.177  0.270  0.268  0.388  0.495  0.457  0.270  0.291  0.276  0.297  0.235  0.162  0.068 -0.026 -0.064 -0.196 -0.200 -0.224 -0.125 -0.024 -0.083 -0.042 -0.063 -0.044  0.125  0.340  0.704  1.000  0.707  0.519  0.392  0.272  0.044 -0.094 -0.369 -0.401 -0.392
 -0.430 -0.335 -0.094  0.201  0.526  0.641  0.609  0.452  0.294 -0.037  0.142  0.204  0.201 -0.027 -0.124 -0.338 -0.397 -0.493 -0.444 -0.441 -0.372 -0.140  0.106  0.137 -0.032  0.090  0.288  0.179  0.118  0.282  0.279  0.161  0.155  0.229  0.278  0.342  0.320  0.321  0.311  0.428  0.541  0.543  0.666  0.734  0.555  0.334  0.427  0.390  0.465  0.356  0.279  0.203  0.079 -0.001 -0.205 -0.268 -0.334 -0.192 -0.086 -0.207 -0.186 -0.256 -0.270 -0.132  0.060  0.363  0.707  1.000  0.838  0.649  0.410  0.102 -0.241 -0.593 -0.636 -0.616
 -0.509 -0.428 -0.200  0.094  0.494  0.610  0.624  0.450  0.310 -0.008  0.161  0.199  0.222 -0.046 -0.132 -0.351 -0.408 -0.520 -0.488 -0.440 -0.328 -0.062  0.187  0.240  0.087  0.182  0.396  0.312  0.212  0.367  0.391  0.243  0.199  0.284  0.376  0.446  0.442  0.433  0.442  0.598  0.698  0.703  0.733  0.677  0.432  0.224  0.350  0.353  0.484  0.396  0.333  0.275  0.144  0.045 -0.182 -0.297 -0.378 -0.212 -0.125 -0.282 -0.291 -0.385 -0.412 -0.295 -0.127  0.170  0.519  0.838  1.000  0.826  0.562  0.247 -0.217 -0.646 -0.719 -0.701
 -0.445 -0.380 -0.184  0.056  0.363  0.478  0.483  0.314  0.205 -0.017  0.109  0.133  0.146 -0.065 -0.138 -0.318 -0.372 -0.463 -0.425 -0.387 -0.286 -0.057  0.151  0.170  0.054  0.129  0.315  0.242  0.129  0.298  0.341  0.165  0.130  0.261  0.365  0.469  0.462  0.440  0.510  0.696  0.747  0.791  0.697  0.587  0.323  0.109  0.246  0.280  0.435  0.366  0.295  0.211  0.098  0.038 -0.155 -0.239 -0.308 -0.159 -0.065 -0.215 -0.227 -0.327 -0.360 -0.263 -0.124  0.121  0.392  0.649  0.826  1.000  0.777  0.474 -0.056 -0.572 -0.688 -0.685
 -0.287 -0.272 -0.113  0.018  0.182  0.282  0.236  0.182  0.046 -0.070 -0.000 -0.017 -0.040 -0.143 -0.183 -0.268 -0.288 -0.316 -0.255 -0.237 -0.194 -0.049  0.066  0.048 -0.040 -0.013  0.130  0.070 -0.033  0.126  0.172  0.011  0.005  0.154  0.234  0.347  0.337  0.294  0.418  0.646  0.628  0.614  0.481  0.391  0.196  0.031  0.140  0.182  0.299  0.258  0.213  0.120  0.057  0.056 -0.064 -0.103 -0.130 -0.015  0.061 -0.051 -0.067 -0.153 -0.190 -0.141 -0.034  0.104  0.272  0.410  0.562  0.777  1.000  0.750  0.273 -0.359 -0.537 -0.568
 -0.069 -0.053 -0.001  0.065  0.061  0.095  0.079  0.026 -0.030 -0.016  0.015  0.030  0.011  0.019 -0.035 -0.052 -0.113 -0.144 -0.151 -0.168 -0.152 -0.151 -0.110 -0.132 -0.118 -0.084 -0.029 -0.046 -0.096  0.007  0.043 -0.072 -0.073  0.047  0.107  0.201  0.218  0.163  0.287  0.486  0.358  0.429  0.225  0.079 -0.060 -0.160 -0.097 -0.062  0.027 -0.004 -0.061 -0.127 -0.165 -0.150 -0.166 -0.133 -0.122 -0.108 -0.048 -0.064 -0.056 -0.073 -0.052 -0.015 -0.020  0.027  0.044  0.102  0.247  0.474  0.750  1.000  0.534 -0.076 -0.256 -0.310
  0.252  0.217  0.174  0.079 -0.131 -0.161 -0.266 -0.218 -0.220 -0.094 -0.123 -0.103 -0.133  0.023  0.011  0.124  0.112  0.164  0.163  0.110  0.020 -0.127 -0.243 -0.322 -0.234 -0.243 -0.340 -0.330 -0.280 -0.278 -0.297 -0.287 -0.226 -0.196 -0.243 -0.215 -0.202 -0.232 -0.139 -0.078 -0.183 -0.095 -0.199 -0.236 -0.190 -0.196 -0.228 -0.206 -0.227 -0.206 -0.232 -0.285 -0.235 -0.141 -0.026  0.078  0.162  0.084  0.088  0.171  0.178  0.227  0.268  0.245  0.187  0.057 -0.094 -0.241 -0.217 -0.056  0.273  0.534  1.000  0.375  0.191  0.098
  0.512  0.444  0.229 -0.025 -0.390 -0.473 -0.528 -0.438 -0.392 -0.115 -0.251 -0.223 -0.224  0.037  0.084  0.299  0.342  0.455  0.423  0.351  0.199 -0.106 -0.364 -0.436 -0.268 -0.336 -0.572 -0.500 -0.362 -0.500 -0.554 -0.394 -0.318 -0.411 -0.515 -0.566 -0.563 -0.568 -0.507 -0.548 -0.625 -0.545 -0.596 -0.577 -0.389 -0.271 -0.391 -0.404 -0.527 -0.459 -0.447 -0.449 -0.311 -0.181  0.053  0.201  0.331  0.146  0.083  0.276  0.299  0.410  0.455  0.361  0.213 -0.077 -0.369 -0.593 -0.646 -0.572 -0.359 -0.076  0.375  1.000  0.829  0.671
  0.553  0.489  0.257 -0.007 -0.400 -0.490 -0.523 -0.432 -0.366 -0.117 -0.252 -0.206 -0.202  0.075  0.122  0.342  0.368  0.483  0.441  0.354  0.194 -0.137 -0.406 -0.463 -0.288 -0.347 -0.599 -0.523 -0.361 -0.523 -0.590 -0.402 -0.330 -0.453 -0.561 -0.628 -0.620 -0.620 -0.599 -0.673 -0.739 -0.653 -0.682 -0.646 -0.426 -0.269 -0.407 -0.455 -0.594 -0.530 -0.514 -0.493 -0.346 -0.228  0.021  0.178  0.316  0.114  0.041  0.260  0.283  0.415  0.477  0.392  0.217 -0.079 -0.401 -0.636 -0.719 -0.688 -0.537 -0.256  0.191  0.829  1.000  0.902
  0.521  0.463  0.244 -0.008 -0.380 -0.470 -0.495 -0.404 -0.337 -0.107 -0.236 -0.189 -0.182  0.079  0.126  0.332  0.349  0.460  0.415  0.332  0.186 -0.126 -0.385 -0.428 -0.258 -0.315 -0.556 -0.478 -0.320 -0.483 -0.548 -0.361 -0.299 -0.427 -0.526 -0.596 -0.585 -0.583 -0.584 -0.668 -0.727 -0.650 -0.668 -0.629 -0.416 -0.254 -0.391 -0.440 -0.576 -0.514 -0.494 -0.463 -0.323 -0.220  0.015  0.156  0.285  0.095  0.021  0.229  0.250  0.379  0.443  0.364  0.188 -0.086 -0.392 -0.616 -0.701 -0.685 -0.568 -0.310  0.098  0.671  0.902  1.000
