  1.000  0.793  0.564  0.265 -0.198 -0.333 -0.394 -0.308 -0.288 -0.246 -0.270 -0.149 -0.077  0.277  0.356  0.670  0.680  0.660  0.503  0.342  0.234 -0.126 -0.370 -0.433 -0.259 -0.324 -0.533 -0.477 -0.358 -0.460 -0.491 -0.375 -0.314 -0.372 -0.447 -0.483 -0.502 -0.535 -0.492 -0.527 -0.588 -0.499 -0.532 -0.484 -0.333 -0.222 -0.347 -0.407 -0.516 -0.495 -0.509 -0.488 -0.384 -0.282 -0.015  0.172  0.274  0.044 -0.012  0.222  0.304  0.508  0.685  0.598  0.372  0.074 -0.234 -0.450 -0.534 -0.498 -0.427 -0.141  0.288  0.540  0.551  0.519
  0.793  1.000  0.680  0.438 -0.013 -0.173 -0.289 -0.261 -0.242 -0.180 -0.124  0.037  0.111  0.457  0.529  0.686  0.524  0.488  0.322  0.149  0.031 -0.303 -0.461 -0.498 -0.343 -0.326 -0.488 -0.451 -0.297 -0.364 -0.416 -0.302 -0.228 -0.284 -0.370 -0.421 -0.451 -0.487 -0.457 -0.501 -0.553 -0.452 -0.480 -0.447 -0.304 -0.210 -0.335 -0.405 -0.509 -0.506 -0.564 -0.557 -0.504 -0.442 -0.207  0.016  0.100 -0.138 -0.140  0.107  0.246  0.459  0.639  0.663  0.427  0.170 -0.141 -0.352 -0.449 -0.430 -0.392 -0.113  0.278  0.494  0.510  0.478
  0.564  0.680  1.000  0.707  0.266  0.088 -0.102 -0.152 -0.141 -0.062  0.021  0.209  0.251  0.535  0.530  0.489  0.375  0.247  0.136 -0.036 -0.128 -0.366 -0.420 -0.450 -0.404 -0.327 -0.386 -0.416 -0.292 -0.264 -0.319 -0.257 -0.171 -0.186 -0.266 -0.295 -0.325 -0.362 -0.336 -0.342 -0.378 -0.270 -0.276 -0.216 -0.114 -0.065 -0.146 -0.209 -0.295 -0.335 -0.411 -0.449 -0.438 -0.391 -0.248 -0.060  0.017 -0.106 -0.042  0.109  0.202  0.360  0.539  0.631  0.514  0.425  0.180 -0.090 -0.224 -0.227 -0.228 -0.050  0.128  0.207  0.251  0.239
  0.265  0.438  0.707  1.000  0.660  0.479  0.214  0.032  0.070  0.174  0.373  0.547  0.535  0.655  0.487  0.310  0.122 -0.048 -0.156 -0.327 -0.379 -0.515 -0.427 -0.419 -0.430 -0.267 -0.229 -0.295 -0.165 -0.061 -0.128 -0.107 -0.014  0.006 -0.069 -0.100 -0.149 -0.194 -0.177 -0.159 -0.167 -0.058 -0.045 -0.012  0.012  0.008 -0.040 -0.103 -0.154 -0.243 -0.359 -0.412 -0.489 -0.509 -0.463 -0.294 -0.251 -0.322 -0.203 -0.102  0.003  0.119  0.292  0.508  0.483  0.631  0.446  0.210  0.070  0.029 -0.038  0.045  0.032 -0.027  0.015  0.013
 -0.198 -0.013  0.266  0.660  1.000  0.824  0.568  0.290  0.296  0.354  0.580  0.668  0.667  0.455  0.286 -0.033 -0.184 -0.367 -0.432 -0.503 -0.457 -0.383 -0.154 -0.107 -0.221 -0.030  0.127  0.029  0.077  0.240  0.184  0.128  0.183  0.230  0.201  0.189  0.153  0.134  0.127  0.180  0.225  0.292  0.332  0.321  0.227  0.135  0.177  0.152  0.179  0.070 -0.027 -0.083 -0.220 -0.316 -0.442 -0.415 -0.451 -0.398 -0.265 -0.309 -0.244 -0.231 -0.168  0.043  0.158  0.492  0.617  0.554  0.502  0.391  0.255  0.145 -0.153 -0.395 -0.397 -0.384
 -0.333 -0.173  0.088  0.479  0.824  1.000  0.744  0.452  0.433  0.474  0.666  0.677  0.567  0.303  0.106 -0.182 -0.313 -0.483 -0.506 -0.563 -0.494 -0.347 -0.085 -0.045 -0.192 -0.005  0.185  0.065  0.081  0.270  0.230  0.144  0.192  0.269  0.254  0.262  0.237  0.225  0.229  0.300  0.358  0.406  0.453  0.448  0.318  0.194  0.265  0.243  0.293  0.174  0.079  0.010 -0.150 -0.248 -0.418 -0.411 -0.466 -0.369 -0.225 -0.311 -0.272 -0.301 -0.272 -0.070  0.082  0.456  0.599  0.678  0.629  0.517  0.375  0.189 -0.217 -0.520 -0.518 -0.499
 -0.394 -0.289 -0.102  0.214  0.568  0.744  1.000  0.776  0.629  0.434  0.593  0.465  0.420  0.157  0.006 -0.220 -0.336 -0.461 -0.473 -0.473 -0.384 -0.220  0.009  0.058 -0.066  0.074  0.259  0.174  0.141  0.294  0.290  0.190  0.189  0.266  0.289  0.305  0.307  0.328  0.350  0.379  0.416  0.464  0.477  0.426  0.257  0.144  0.240  0.218  0.290  0.187  0.122  0.079 -0.048 -0.148 -0.321 -0.378 -0.426 -0.318 -0.219 -0.324 -0.332 -0.381 -0.377 -0.238 -0.125  0.198  0.385  0.612  0.616  0.494  0.352  0.158 -0.275 -0.544 -0.554 -0.527
 -0.308 -0.261 -0.152  0.032  0.290  0.452  0.776  1.000  0.736  0.422  0.391  0.218  0.176  0.005 -0.068 -0.194 -0.277 -0.337 -0.334 -0.317 -0.248 -0.114  0.033  0.071 -0.020  0.041  0.181  0.130  0.078  0.174  0.191  0.116  0.105  0.164  0.192  0.212  0.230  0.256  0.279  0.294  0.314  0.337  0.333  0.299  0.171  0.098  0.169  0.152  0.205  0.138  0.115  0.086  0.009 -0.057 -0.188 -0.261 -0.293 -0.200 -0.153 -0.235 -0.261 -0.301 -0.313 -0.233 -0.157  0.037  0.199  0.423  0.424  0.333  0.254  0.087 -0.283 -0.435 -0.430 -0.394
 -0.288 -0.242 -0.141  0.070  0.296  0.433  0.629  0.736  1.000  0.740  0.614  0.322  0.214  0.051 -0.041 -0.170 -0.245 -0.312 -0.316 -0.305 -0.248 -0.150 -0.018  0.032 -0.047  0.014  0.141  0.105  0.077  0.158  0.174  0.120  0.114  0.164  0.183  0.185  0.188  0.196  0.207  0.218  0.234  0.245  0.250  0.221  0.112  0.065  0.119  0.109  0.152  0.085  0.064  0.043 -0.033 -0.103 -0.213 -0.269 -0.299 -0.217 -0.163 -0.239 -0.262 -0.292 -0.299 -0.216 -0.145  0.060  0.176  0.332  0.324  0.254  0.180  0.048 -0.255 -0.399 -0.392 -0.357
 -0.246 -0.180 -0.062  0.174  0.354  0.474  0.434  0.422  0.740  1.000  0.689  0.434  0.258  0.112 -0.001 -0.145 -0.213 -0.300 -0.321 -0.333 -0.285 -0.208 -0.075 -0.027 -0.098 -0.020  0.094  0.053  0.062  0.152  0.147  0.109  0.136  0.179  0.171  0.159  0.142  0.128  0.125  0.170  0.185  0.187  0.193  0.169  0.086  0.039  0.078  0.082  0.116  0.052  0.021 -0.006 -0.095 -0.164 -0.261 -0.276 -0.310 -0.247 -0.168 -0.228 -0.218 -0.239 -0.230 -0.128 -0.055  0.153  0.220  0.278  0.271  0.238  0.194  0.103 -0.144 -0.326 -0.333 -0.323
 -0.270 -0.124  0.021  0.373  0.580  0.666  0.593  0.391  0.614  0.689  1.000  0.789  0.630  0.399  0.178 -0.070 -0.219 -0.386 -0.440 -0.492 -0.426 -0.343 -0.132 -0.068 -0.153 -0.003  0.145  0.087  0.130  0.254  0.226  0.186  0.228  0.283  0.262  0.229  0.186  0.166  0.156  0.188  0.219  0.243  0.264  0.221  0.115  0.062  0.106  0.091  0.129  0.030 -0.046 -0.068 -0.214 -0.320 -0.434 -0.418 -0.466 -0.419 -0.310 -0.359 -0.320 -0.317 -0.268 -0.094 -0.036  0.247  0.295  0.384  0.380  0.312  0.204  0.108 -0.157 -0.387 -0.377 -0.360
 -0.149  0.037  0.209  0.547  0.668  0.677  0.465  0.218  0.322  0.434  0.789  1.000  0.813  0.604  0.335  0.052 -0.129 -0.333 -0.418 -0.513 -0.465 -0.426 -0.208 -0.152 -0.215 -0.033  0.087  0.021  0.112  0.235  0.178  0.164  0.230  0.271  0.223  0.174  0.115  0.080  0.062  0.096  0.133  0.169  0.199  0.166  0.097  0.048  0.072  0.044  0.064 -0.041 -0.144 -0.165 -0.325 -0.429 -0.508 -0.436 -0.481 -0.474 -0.344 -0.347 -0.264 -0.217 -0.132  0.070  0.103  0.341  0.322  0.359  0.326  0.266  0.157  0.110 -0.088 -0.298 -0.278 -0.265
 -0.077  0.111  0.251  0.535  0.667  0.567  0.420  0.176  0.214  0.258  0.630  0.813  1.000  0.760  0.508  0.189 -0.015 -0.246 -0.368 -0.453 -0.390 -0.381 -0.185 -0.104 -0.139  0.026  0.125  0.089  0.172  0.260  0.204  0.201  0.245  0.261  0.227  0.166  0.107  0.079  0.056  0.065  0.088  0.121  0.138  0.081  0.013 -0.004  0.016 -0.020 -0.005 -0.105 -0.189 -0.171 -0.311 -0.434 -0.495 -0.447 -0.491 -0.509 -0.415 -0.404 -0.322 -0.251 -0.141  0.046  0.023  0.237  0.228  0.261  0.259  0.193  0.082  0.074 -0.058 -0.234 -0.220 -0.207
  0.277  0.457  0.535  0.655  0.455  0.303  0.157  0.005  0.051  0.112  0.399  0.604  0.760  1.000  0.759  0.503  0.265  0.034 -0.134 -0.280 -0.280 -0.429 -0.345 -0.294 -0.251 -0.119 -0.114 -0.127  0.000  0.040 -0.025  0.013  0.081  0.080  0.017 -0.048 -0.109 -0.154 -0.161 -0.182 -0.197 -0.139 -0.145 -0.182 -0.162 -0.118 -0.164 -0.221 -0.258 -0.331 -0.417 -0.384 -0.473 -0.546 -0.479 -0.348 -0.341 -0.461 -0.397 -0.280 -0.162 -0.006  0.181  0.347  0.209  0.267  0.080 -0.009 -0.052 -0.080 -0.139  0.007  0.084  0.055  0.084  0.082
  0.356  0.529  0.530  0.487  0.286  0.106  0.006 -0.068 -0.041 -0.001  0.178  0.335  0.508  0.759  1.000  0.698  0.430  0.197 -0.010 -0.117 -0.094 -0.271 -0.265 -0.208 -0.137 -0.050 -0.097 -0.091  0.012  0.009 -0.057 -0.015  0.039  0.014 -0.040 -0.096 -0.147 -0.171 -0.175 -0.218 -0.237 -0.203 -0.230 -0.281 -0.262 -0.183 -0.237 -0.289 -0.321 -0.365 -0.399 -0.324 -0.358 -0.429 -0.342 -0.260 -0.252 -0.386 -0.386 -0.267 -0.157  0.009  0.209  0.300  0.112  0.108 -0.046 -0.152 -0.166 -0.184 -0.217 -0.045  0.110  0.145  0.166  0.161
  0.670  0.686  0.489  0.310 -0.033 -0.182 -0.220 -0.194 -0.170 -0.145 -0.070  0.052  0.189  0.503  0.698  1.000  0.718  0.516  0.303  0.193  0.168 -0.138 -0.297 -0.290 -0.147 -0.173 -0.304 -0.257 -0.167 -0.246 -0.282 -0.199 -0.155 -0.203 -0.260 -0.314 -0.344 -0.366 -0.342 -0.389 -0.440 -0.391 -0.436 -0.468 -0.400 -0.281 -0.377 -0.423 -0.480 -0.478 -0.485 -0.404 -0.363 -0.350 -0.144 -0.034  0.023 -0.187 -0.264 -0.088  0.015  0.217  0.443  0.417  0.138 -0.024 -0.254 -0.390 -0.411 -0.392 -0.369 -0.110  0.218  0.391  0.413  0.397
  0.680  0.524  0.375  0.122 -0.184 -0.313 -0.336 -0.277 -0.245 -0.213 -0.219 -0.129 -0.015  0.265  0.430  0.718  1.000  0.800  0.540  0.432  0.454  0.107 -0.137 -0.163 -0.026 -0.138 -0.307 -0.259 -0.219 -0.327 -0.351 -0.278 -0.251 -0.307 -0.347 -0.372 -0.380 -0.394 -0.366 -0.408 -0.448 -0.424 -0.456 -0.446 -0.349 -0.231 -0.320 -0.358 -0.428 -0.394 -0.350 -0.261 -0.162 -0.100  0.132  0.212  0.240  0.041 -0.079  0.062  0.128  0.268  0.426  0.309  0.116 -0.101 -0.298 -0.441 -0.461 -0.435 -0.389 -0.153  0.205  0.406  0.387  0.363
  0.660  0.488  0.247 -0.048 -0.367 -0.483 -0.461 -0.337 -0.312 -0.300 -0.386 -0.333 -0.246  0.034  0.197  0.516  0.800  1.000  0.784  0.669  0.610  0.226 -0.114 -0.181  0.001 -0.187 -0.420 -0.341 -0.313 -0.461 -0.469 -0.378 -0.357 -0.424 -0.461 -0.471 -0.463 -0.470 -0.426 -0.470 -0.523 -0.488 -0.534 -0.496 -0.366 -0.242 -0.346 -0.383 -0.459 -0.398 -0.333 -0.258 -0.089  0.039  0.324  0.416  0.483  0.269  0.110  0.269  0.283  0.374  0.456  0.291  0.129 -0.177 -0.374 -0.535 -0.560 -0.515 -0.434 -0.199  0.239  0.514  0.495  0.468
  0.503  0.322  0.136 -0.156 -0.432 -0.506 -0.473 -0.334 -0.316 -0.321 -0.440 -0.418 -0.368 -0.134 -0.010  0.303  0.540  0.784  1.000  0.797  0.605  0.276 -0.059 -0.165 -0.031 -0.230 -0.441 -0.379 -0.378 -0.514 -0.507 -0.431 -0.416 -0.468 -0.496 -0.480 -0.450 -0.445 -0.394 -0.426 -0.476 -0.436 -0.471 -0.408 -0.261 -0.170 -0.260 -0.286 -0.351 -0.276 -0.206 -0.179  0.016  0.201  0.490  0.616  0.685  0.500  0.341  0.467  0.427  0.421  0.404  0.235  0.166 -0.146 -0.323 -0.482 -0.520 -0.466 -0.371 -0.190  0.200  0.462  0.441  0.412
  0.342  0.149 -0.036 -0.327 -0.503 -0.563 -0.473 -0.317 -0.305 -0.333 -0.492 -0.513 -0.453 -0.280 -0.117  0.193  0.432  0.669  0.797  1.000  0.812  0.513  0.154  0.054  0.175 -0.082 -0.287 -0.216 -0.280 -0.440 -0.417 -0.369 -0.386 -0.436 -0.437 -0.412 -0.363 -0.341 -0.300 -0.332 -0.368 -0.370 -0.405 -0.363 -0.262 -0.180 -0.240 -0.231 -0.254 -0.156 -0.044  0.019  0.230  0.403  0.652  0.640  0.695  0.566  0.367  0.429  0.340  0.281  0.231  0.035 -0.014 -0.296 -0.374 -0.486 -0.473 -0.418 -0.327 -0.198  0.148  0.385  0.355  0.332
  0.234  0.031 -0.128 -0.379 -0.457 -0.494 -0.384 -0.248 -0.248 -0.285 -0.426 -0.465 -0.390 -0.280 -0.094  0.168  0.454  0.610  0.605  0.812  1.000  0.749  0.386  0.293  0.413  0.129 -0.072 -0.009 -0.125 -0.289 -0.270 -0.263 -0.300 -0.340 -0.318 -0.286 -0.238 -0.206 -0.181 -0.200 -0.219 -0.270 -0.299 -0.292 -0.253 -0.192 -0.216 -0.178 -0.155 -0.045  0.100  0.218  0.390  0.507  0.675  0.549  0.514  0.431  0.211  0.213  0.142  0.088  0.060 -0.126 -0.180 -0.382 -0.378 -0.421 -0.353 -0.306 -0.244 -0.164  0.065  0.242  0.200  0.183
 -0.126 -0.303 -0.366 -0.515 -0.383 -0.347 -0.220 -0.114 -0.150 -0.208 -0.343 -0.426 -0.381 -0.429 -0.271 -0.138  0.107  0.226  0.276  0.513  0.749  1.000  0.759  0.652  0.687  0.450  0.267  0.270  0.096 -0.045 -0.042 -0.098 -0.164 -0.179 -0.128 -0.073 -0.010  0.054  0.050  0.055  0.084 -0.029  0.003  0.002 -0.022 -0.037  0.006  0.093  0.180  0.313  0.486  0.619  0.714  0.759  0.712  0.460  0.343  0.421  0.230  0.103 -0.001 -0.133 -0.238 -0.397 -0.348 -0.402 -0.243 -0.180 -0.076 -0.052 -0.031 -0.118 -0.127 -0.080 -0.131 -0.129
 -0.370 -0.461 -0.420 -0.427 -0.154 -0.085  0.009  0.033 -0.018 -0.075 -0.132 -0.208 -0.185 -0.345 -0.265 -0.297 -0.137 -0.114 -0.059  0.154  0.386  0.759  1.000  0.844  0.675  0.608  0.589  0.476  0.239  0.183  0.184  0.059 -0.028 -0.009  0.064  0.128  0.223  0.321  0.283  0.263  0.333  0.218  0.312  0.286  0.219  0.137  0.227  0.341  0.465  0.571  0.682  0.792  0.711  0.659  0.468  0.230  0.047  0.208  0.141 -0.069 -0.149 -0.297 -0.420 -0.497 -0.383 -0.277 -0.036  0.110  0.206  0.191  0.163 -0.040 -0.277 -0.377 -0.429 -0.412
 -0.433 -0.498 -0.450 -0.419 -0.107 -0.045  0.058  0.071  0.032 -0.027 -0.068 -0.152 -0.104 -0.294 -0.208 -0.290 -0.163 -0.181 -0.165  0.054  0.293  0.652  0.844  1.000  0.808  0.620  0.717  0.675  0.405  0.347  0.368  0.246  0.153  0.159  0.234  0.264  0.298  0.382  0.312  0.302  0.407  0.186  0.278  0.242  0.147  0.107  0.203  0.299  0.421  0.499  0.638  0.799  0.724  0.572  0.349  0.056 -0.118  0.062 -0.015 -0.247 -0.315 -0.425 -0.519 -0.577 -0.489 -0.333 -0.059  0.111  0.236  0.190  0.161 -0.068 -0.296 -0.413 -0.450 -0.427
 -0.259 -0.343 -0.404 -0.430 -0.221 -0.192 -0.066 -0.020 -0.047 -0.098 -0.153 -0.215 -0.139 -0.251 -0.137 -0.147 -0.026  0.001 -0.031  0.175  0.413  0.687  0.675  0.808  1.000  0.740  0.565  0.649  0.491  0.296  0.287  0.238  0.139  0.099  0.158  0.162  0.179  0.232  0.173  0.171  0.232  0.046  0.077  0.002 -0.094 -0.090 -0.033  0.044  0.157  0.249  0.404  0.583  0.575  0.455  0.334  0.077 -0.052  0.040 -0.095 -0.238 -0.298 -0.361 -0.410 -0.492 -0.489 -0.428 -0.242 -0.105  0.040  0.031  0.021 -0.091 -0.163 -0.186 -0.220 -0.208
 -0.324 -0.326 -0.327 -0.267 -0.030 -0.005  0.074  0.041  0.014 -0.020 -0.003 -0.033  0.026 -0.119 -0.050 -0.173 -0.138 -0.187 -0.230 -0.082  0.129  0.450  0.608  0.620  0.740  1.000  0.729  0.638  0.613  0.493  0.394  0.331  0.242  0.193  0.236  0.236  0.283  0.354  0.276  0.233  0.277  0.191  0.236  0.138  0.030 -0.009  0.059  0.116  0.214  0.254  0.318  0.461  0.379  0.240  0.066 -0.111 -0.234 -0.139 -0.179 -0.296 -0.329 -0.382 -0.419 -0.420 -0.395 -0.255 -0.091  0.064  0.166  0.129  0.080 -0.039 -0.197 -0.291 -0.323 -0.302
 -0.533 -0.488 -0.386 -0.229  0.127  0.185  0.259  0.181  0.141  0.094  0.145  0.087  0.125 -0.114 -0.097 -0.304 -0.307 -0.420 -0.441 -0.287 -0.072  0.267  0.589  0.717  0.565  0.729  1.000  0.849  0.627  0.688  0.687  0.512  0.408  0.441  0.517  0.535  0.568  0.646  0.543  0.472  0.567  0.387  0.442  0.341  0.182  0.117  0.229  0.287  0.414  0.409  0.456  0.572  0.423  0.220 -0.040 -0.264 -0.420 -0.245 -0.229 -0.437 -0.469 -0.544 -0.596 -0.548 -0.463 -0.189  0.080  0.298  0.415  0.352  0.287  0.039 -0.330 -0.567 -0.598 -0.560
 -0.477 -0.451 -0.416 -0.295  0.029  0.065  0.174  0.130  0.105  0.053  0.087  0.021  0.089 -0.127 -0.091 -0.257 -0.259 -0.341 -0.379 -0.216 -0.009  0.270  0.476  0.675  0.649  0.638  0.849  1.000  0.788  0.702  0.757  0.663  0.522  0.499  0.585  0.547  0.527  0.558  0.451  0.413  0.496  0.268  0.281  0.155 -0.015 -0.029  0.063  0.118  0.250  0.259  0.350  0.483  0.386  0.184 -0.029 -0.269 -0.396 -0.254 -0.288 -0.469 -0.506 -0.556 -0.589 -0.565 -0.537 -0.315 -0.070  0.134  0.290  0.243  0.204  0.011 -0.251 -0.436 -0.465 -0.431
 -0.358 -0.297 -0.292 -0.165  0.077  0.081  0.141  0.078  0.077  0.062  0.130  0.112  0.172  0.000  0.012 -0.167 -0.219 -0.313 -0.378 -0.280 -0.125  0.096  0.239  0.405  0.491  0.613  0.627  0.788  1.000  0.822  0.711  0.770  0.695  0.564  0.565  0.444  0.340  0.343  0.221  0.226  0.309  0.124  0.136  0.008 -0.130 -0.106 -0.057 -0.037  0.053  0.046  0.116  0.248  0.168 -0.024 -0.189 -0.355 -0.432 -0.349 -0.371 -0.469 -0.478 -0.472 -0.466 -0.407 -0.421 -0.235 -0.095  0.051  0.170  0.103  0.063 -0.033 -0.151 -0.264 -0.279 -0.253
 -0.460 -0.364 -0.264 -0.061  0.240  0.270  0.294  0.174  0.158  0.152  0.254  0.235  0.260  0.040  0.009 -0.246 -0.327 -0.461 -0.514 -0.440 -0.289 -0.045  0.183  0.347  0.296  0.493  0.688  0.702  0.822  1.000  0.879  0.793  0.780  0.769  0.752  0.684  0.548  0.526  0.412  0.410  0.496  0.300  0.302  0.188  0.020  0.001  0.087  0.089  0.183  0.124  0.150  0.245  0.126 -0.080 -0.295 -0.448 -0.530 -0.411 -0.377 -0.506 -0.507 -0.518 -0.516 -0.411 -0.369 -0.098  0.082  0.271  0.373  0.312  0.241  0.069 -0.229 -0.470 -0.495 -0.459
 -0.491 -0.416 -0.319 -0.128  0.184  0.230  0.290  0.191  0.174  0.147  0.226  0.178  0.204 -0.025 -0.057 -0.282 -0.351 -0.469 -0.507 -0.417 -0.270 -0.042  0.184  0.368  0.287  0.394  0.687  0.757  0.711  0.879  1.000  0.858  0.753  0.790  0.848  0.791  0.696  0.649  0.544  0.515  0.554  0.356  0.320  0.196  0.009 -0.010  0.090  0.100  0.206  0.149  0.186  0.263  0.153 -0.041 -0.256 -0.426 -0.505 -0.370 -0.345 -0.494 -0.516 -0.544 -0.553 -0.467 -0.424 -0.156  0.051  0.259  0.384  0.347  0.291  0.103 -0.237 -0.511 -0.542 -0.503
 -0.375 -0.302 -0.257 -0.107  0.128  0.144  0.190  0.116  0.120  0.109  0.186  0.164  0.201  0.013 -0.015 -0.199 -0.278 -0.378 -0.431 -0.369 -0.263 -0.098  0.059  0.246  0.238  0.331  0.512  0.663  0.770  0.793  0.858  1.000  0.884  0.763  0.778  0.604  0.438  0.398  0.286  0.286  0.349  0.160  0.142  0.030 -0.106 -0.074 -0.018 -0.020  0.051  0.003  0.046  0.140  0.057 -0.127 -0.286 -0.422 -0.468 -0.382 -0.375 -0.469 -0.474 -0.460 -0.450 -0.371 -0.373 -0.172 -0.035  0.108  0.213  0.153  0.118  0.008 -0.143 -0.312 -0.325 -0.293
 -0.314 -0.228 -0.171 -0.014  0.183  0.192  0.189  0.105  0.114  0.136  0.228  0.230  0.245  0.081  0.039 -0.155 -0.251 -0.357 -0.416 -0.386 -0.300 -0.164 -0.028  0.153  0.139  0.242  0.408  0.522  0.695  0.780  0.753  0.884  1.000  0.868  0.764  0.591  0.326  0.276  0.173  0.192  0.293  0.098  0.101  0.014 -0.099 -0.065 -0.022 -0.039  0.015 -0.042 -0.014  0.075 -0.009 -0.185 -0.329 -0.432 -0.465 -0.398 -0.377 -0.446 -0.429 -0.395 -0.370 -0.274 -0.274 -0.086  0.012  0.123  0.201  0.137  0.096  0.000 -0.134 -0.281 -0.288 -0.258
 -0.372 -0.284 -0.186  0.006  0.230  0.269  0.266  0.164  0.164  0.179  0.283  0.271  0.261  0.080  0.014 -0.203 -0.307 -0.424 -0.468 -0.436 -0.340 -0.179 -0.009  0.159  0.099  0.193  0.441  0.499  0.564  0.769  0.790  0.763  0.868  1.000  0.907  0.800  0.536  0.446  0.366  0.359  0.439  0.235  0.214  0.124 -0.023 -0.029  0.042  0.031  0.106  0.033  0.047  0.104 -0.001 -0.172 -0.339 -0.445 -0.485 -0.395 -0.352 -0.446 -0.436 -0.426 -0.405 -0.298 -0.268 -0.047  0.083  0.236  0.323  0.296  0.242  0.092 -0.192 -0.419 -0.438 -0.404
 -0.447 -0.370 -0.266 -0.069  0.201  0.254  0.289  0.192  0.183  0.171  0.262  0.223  0.227  0.017 -0.040 -0.260 -0.347 -0.461 -0.496 -0.437 -0.318 -0.128  0.064  0.234  0.158  0.236  0.517  0.585  0.565  0.752  0.848  0.778  0.764  0.907  1.000  0.903  0.702  0.589  0.507  0.495  0.542  0.338  0.289  0.180  0.000 -0.020  0.073  0.073  0.168  0.095  0.121  0.174  0.065 -0.111 -0.301 -0.438 -0.493 -0.374 -0.336 -0.463 -0.475 -0.492 -0.488 -0.393 -0.354 -0.108  0.068  0.269  0.389  0.380  0.330  0.150 -0.201 -0.487 -0.520 -0.484
 -0.483 -0.421 -0.295 -0.100  0.189  0.262  0.305  0.212  0.185  0.159  0.229  0.174  0.166 -0.048 -0.096 -0.314 -0.372 -0.471 -0.480 -0.412 -0.286 -0.073  0.128  0.264  0.162  0.236  0.535  0.547  0.444  0.684  0.791  0.604  0.591  0.800  0.903  1.000  0.847  0.704  0.621  0.608  0.623  0.447  0.384  0.279  0.086  0.028  0.142  0.150  0.257  0.188  0.205  0.228  0.122 -0.030 -0.233 -0.377 -0.441 -0.300 -0.256 -0.407 -0.434 -0.486 -0.501 -0.419 -0.347 -0.090  0.112  0.338  0.453  0.478  0.417  0.218 -0.229 -0.550 -0.600 -0.566
 -0.502 -0.451 -0.325 -0.149  0.153  0.237  0.307  0.230  0.188  0.142  0.186  0.115  0.107 -0.109 -0.147 -0.344 -0.380 -0.463 -0.450 -0.363 -0.238 -0.010  0.223  0.298  0.179  0.283  0.568  0.527  0.340  0.548  0.696  0.438  0.326  0.536  0.702  0.847  1.000  0.880  0.764  0.687  0.622  0.533  0.447  0.343  0.146  0.064  0.186  0.215  0.327  0.270  0.281  0.269  0.165  0.046 -0.157 -0.299 -0.374 -0.219 -0.169 -0.333 -0.381 -0.466 -0.508 -0.443 -0.355 -0.104  0.120  0.356  0.461  0.497  0.434  0.236 -0.244 -0.568 -0.617 -0.584
 -0.535 -0.487 -0.362 -0.194  0.134  0.225  0.328  0.256  0.196  0.128  0.166  0.080  0.079 -0.154 -0.171 -0.366 -0.394 -0.470 -0.445 -0.341 -0.206  0.054  0.321  0.382  0.232  0.354  0.646  0.558  0.343  0.526  0.649  0.398  0.276  0.446  0.589  0.704  0.880  1.000  0.865  0.673  0.657  0.589  0.513  0.394  0.196  0.098  0.228  0.270  0.394  0.348  0.357  0.345  0.233  0.115 -0.107 -0.268 -0.355 -0.185 -0.140 -0.319 -0.381 -0.481 -0.542 -0.484 -0.382 -0.123  0.124  0.374  0.477  0.499  0.425  0.180 -0.291 -0.590 -0.635 -0.599
 -0.492 -0.457 -0.336 -0.177  0.127  0.229  0.350  0.279  0.207  0.125  0.156  0.062  0.056 -0.161 -0.175 -0.342 -0.366 -0.426 -0.394 -0.300 -0.181  0.050  0.283  0.312  0.173  0.276  0.543  0.451  0.221  0.412  0.544  0.286  0.173  0.366  0.507  0.621  0.764  0.865  1.000  0.773  0.699  0.668  0.551  0.414  0.204  0.083  0.221  0.257  0.384  0.344  0.339  0.298  0.208  0.123 -0.082 -0.219 -0.290 -0.129 -0.082 -0.251 -0.321 -0.434 -0.494 -0.447 -0.347 -0.105  0.133  0.385  0.499  0.563  0.518  0.262 -0.239 -0.572 -0.641 -0.613
 -0.527 -0.501 -0.342 -0.159  0.180  0.300  0.379  0.294  0.218  0.170  0.188  0.096  0.065 -0.182 -0.218 -0.389 -0.408 -0.470 -0.426 -0.332 -0.200  0.055  0.263  0.302  0.171  0.233  0.472  0.413  0.226  0.410  0.515  0.286  0.192  0.359  0.495  0.608  0.687  0.673  0.773  1.000  0.832  0.752  0.611  0.471  0.236  0.091  0.241  0.282  0.420  0.384  0.372  0.326  0.233  0.148 -0.076 -0.225 -0.301 -0.119 -0.063 -0.256 -0.327 -0.457 -0.522 -0.464 -0.339 -0.067  0.198  0.455  0.607  0.691  0.700  0.465 -0.162 -0.607 -0.692 -0.681
 -0.588 -0.553 -0.378 -0.167  0.225  0.358  0.416  0.314  0.234  0.185  0.219  0.133  0.088 -0.197 -0.237 -0.440 -0.448 -0.523 -0.476 -0.368 -0.219  0.084  0.333  0.407  0.232  0.277  0.567  0.496  0.309  0.496  0.554  0.349  0.293  0.439  0.542  0.623  0.622  0.657  0.699  0.832  1.000  0.766  0.695  0.561  0.315  0.148  0.312  0.363  0.518  0.472  0.462  0.429  0.306  0.195 -0.067 -0.241 -0.348 -0.141 -0.073 -0.297 -0.353 -0.492 -0.568 -0.504 -0.348 -0.045  0.263  0.551  0.708  0.750  0.710  0.369 -0.270 -0.676 -0.756 -0.733
 -0.499 -0.452 -0.270 -0.058  0.292  0.406  0.464  0.337  0.245  0.187  0.243  0.169  0.121 -0.139 -0.203 -0.391 -0.424 -0.488 -0.436 -0.370 -0.270 -0.029  0.218  0.186  0.046  0.191  0.387  0.268  0.124  0.300  0.356  0.160  0.098  0.235  0.338  0.447  0.533  0.589  0.668  0.752  0.766  1.000  0.827  0.638  0.380  0.157  0.314  0.365  0.513  0.462  0.373  0.245  0.137  0.101 -0.119 -0.208 -0.273 -0.106  0.000 -0.165 -0.228 -0.378 -0.446 -0.368 -0.216  0.063  0.337  0.606  0.725  0.807  0.693  0.446 -0.213 -0.613 -0.695 -0.683
 -0.532 -0.480 -0.276 -0.045  0.332  0.453  0.477  0.333  0.250  0.193  0.264  0.199  0.138 -0.145 -0.230 -0.436 -0.456 -0.534 -0.471 -0.405 -0.299  0.003  0.312  0.278  0.077  0.236  0.442  0.281  0.136  0.302  0.320  0.142  0.101  0.214  0.289  0.384  0.447  0.513  0.551  0.611  0.695  0.827  1.000  0.837  0.575  0.293  0.457  0.514  0.671  0.619  0.504  0.378  0.221  0.161 -0.098 -0.203 -0.300 -0.103  0.025 -0.175 -0.213 -0.359 -0.442 -0.360 -0.174  0.131  0.445  0.716  0.760  0.743  0.611  0.313 -0.306 -0.668 -0.726 -0.705
 -0.484 -0.447 -0.216 -0.012  0.321  0.448  0.426  0.299  0.221  0.169  0.221  0.166  0.081 -0.182 -0.281 -0.468 -0.446 -0.496 -0.408 -0.363 -0.292  0.002  0.286  0.242  0.002  0.138  0.341  0.155  0.008  0.188  0.196  0.030  0.014  0.124  0.180  0.279  0.343  0.394  0.414  0.471  0.561  0.638  0.837  1.000  0.816  0.504  0.660  0.707  0.741  0.629  0.513  0.382  0.245  0.203 -0.049 -0.136 -0.224 -0.030  0.107 -0.078 -0.101 -0.236 -0.333 -0.261 -0.042  0.234  0.540  0.763  0.697  0.644  0.515  0.214 -0.347 -0.653 -0.689 -0.663
 -0.333 -0.304 -0.114  0.012  0.227  0.318  0.257  0.171  0.112  0.086  0.115  0.097  0.013 -0.162 -0.262 -0.400 -0.349 -0.366 -0.261 -0.262 -0.253 -0.022  0.219  0.147 -0.094  0.030  0.182 -0.015 -0.130  0.020  0.009 -0.106 -0.099 -0.023  0.000  0.086  0.146  0.196  0.204  0.236  0.315  0.380  0.575  0.816  1.000  0.728  0.700  0.706  0.601  0.545  0.432  0.304  0.186  0.180 -0.003 -0.023 -0.104  0.037  0.181  0.058  0.075 -0.017 -0.132 -0.091  0.137  0.314  0.505  0.592  0.466  0.393  0.299  0.066 -0.300 -0.475 -0.494 -0.475
 -0.222 -0.210 -0.065  0.008  0.135  0.194  0.144  0.098  0.065  0.039  0.062  0.048 -0.004 -0.118 -0.183 -0.281 -0.231 -0.242 -0.170 -0.180 -0.192 -0.037  0.137  0.107 -0.090 -0.009  0.117 -0.029 -0.106  0.001 -0.010 -0.074 -0.065 -0.029 -0.020  0.028  0.064  0.098  0.083  0.091  0.148  0.157  0.293  0.504  0.728  1.000  0.772  0.581  0.398  0.339  0.284  0.223  0.146  0.117 -0.014 -0.029 -0.085  0.011  0.108  0.033  0.048 -0.007 -0.085 -0.070  0.067  0.178  0.333  0.380  0.259  0.171  0.116 -0.056 -0.241 -0.321 -0.322 -0.303
 -0.347 -0.335 -0.146 -0.040  0.177  0.265  0.240  0.169  0.119  0.078  0.106  0.072  0.016 -0.164 -0.237 -0.377 -0.320 -0.346 -0.260 -0.240 -0.216  0.006  0.227  0.203 -0.033  0.059  0.229  0.063 -0.057  0.087  0.090 -0.018 -0.022  0.042  0.073  0.142  0.186  0.228  0.221  0.241  0.312  0.314  0.457  0.660  0.700  0.772  1.000  0.778  0.594  0.454  0.378  0.322  0.230  0.182 -0.007 -0.062 -0.132  0.011  0.121 -0.008 -0.021 -0.116 -0.213 -0.186 -0.013  0.151  0.363  0.497  0.404  0.332  0.257  0.030 -0.299 -0.471 -0.484 -0.456
 -0.407 -0.405 -0.209 -0.103  0.152  0.243  0.218  0.152  0.109  0.082  0.091  0.044 -0.020 -0.221 -0.289 -0.423 -0.358 -0.383 -0.286 -0.231 -0.178  0.093  0.341  0.299  0.044  0.116  0.287  0.118 -0.037  0.089  0.100 -0.020 -0.039  0.031  0.073  0.150  0.215  0.270  0.257  0.282  0.363  0.365  0.514  0.707  0.706  0.581  0.778  1.000  0.812  0.642  0.523  0.443  0.314  0.272  0.054 -0.032 -0.129  0.049  0.169 -0.005 -0.033 -0.154 -0.270 -0.250 -0.060  0.130  0.361  0.478  0.431  0.385  0.313  0.070 -0.325 -0.507 -0.528 -0.502
 -0.516 -0.509 -0.295 -0.154  0.179  0.293  0.290  0.205  0.152  0.116  0.129  0.064 -0.005 -0.258 -0.321 -0.480 -0.428 -0.459 -0.351 -0.254 -0.155  0.180  0.465  0.421  0.157  0.214  0.414  0.250  0.053  0.183  0.206  0.051  0.015  0.106  0.168  0.257  0.327  0.394  0.384  0.420  0.518  0.513  0.671  0.741  0.601  0.398  0.594  0.812  1.000  0.832  0.680  0.573  0.410  0.370  0.111 -0.023 -0.142  0.086  0.203 -0.031 -0.092 -0.268 -0.405 -0.375 -0.167  0.081  0.369  0.541  0.552  0.532  0.442  0.148 -0.359 -0.618 -0.652 -0.622
 -0.495 -0.506 -0.335 -0.243  0.070  0.174  0.187  0.138  0.085  0.052  0.030 -0.041 -0.105 -0.331 -0.365 -0.478 -0.394 -0.398 -0.276 -0.156 -0.045  0.313  0.571  0.499  0.249  0.254  0.409  0.259  0.046  0.124  0.149  0.003 -0.042  0.033  0.095  0.188  0.270  0.348  0.344  0.384  0.472  0.462  0.619  0.629  0.545  0.339  0.454  0.642  0.832  1.000  0.860  0.696  0.516  0.508  0.244  0.092 -0.048  0.191  0.293  0.041 -0.025 -0.218 -0.393 -0.398 -0.188  0.018  0.299  0.423  0.459  0.449  0.382  0.104 -0.329 -0.539 -0.586 -0.566
 -0.509 -0.564 -0.411 -0.359 -0.027  0.079  0.122  0.115  0.064  0.021 -0.046 -0.144 -0.189 -0.417 -0.399 -0.485 -0.350 -0.333 -0.206 -0.044  0.100  0.486  0.682  0.638  0.404  0.318  0.456  0.350  0.116  0.150  0.186  0.046 -0.014  0.047  0.121  0.205  0.281  0.357  0.339  0.372  0.462  0.373  0.504  0.513  0.432  0.284  0.378  0.523  0.680  0.860  1.000  0.866  0.723  0.687  0.403  0.176  0.018  0.280  0.310  0.026 -0.067 -0.269 -0.457 -0.501 -0.291 -0.104  0.199  0.323  0.387  0.373  0.332  0.042 -0.339 -0.512 -0.561 -0.539
 -0.488 -0.557 -0.449 -0.412 -0.083  0.010  0.079  0.086  0.043 -0.006 -0.068 -0.165 -0.171 -0.384 -0.324 -0.404 -0.261 -0.258 -0.179  0.019  0.218  0.619  0.792  0.799  0.583  0.461  0.572  0.483  0.248  0.245  0.263  0.140  0.075  0.104  0.174  0.228  0.269  0.345  0.298  0.326  0.429  0.245  0.378  0.382  0.304  0.223  0.322  0.443  0.573  0.696  0.866  1.000  0.852  0.716  0.432  0.143 -0.041  0.202  0.156 -0.122 -0.205 -0.362 -0.510 -0.562 -0.402 -0.222  0.071  0.213  0.305  0.267  0.237 -0.037 -0.338 -0.472 -0.512 -0.484
 -0.384 -0.504 -0.438 -0.489 -0.220 -0.150 -0.048  0.009 -0.033 -0.095 -0.214 -0.325 -0.311 -0.473 -0.358 -0.363 -0.162 -0.089  0.016  0.230  0.390  0.714  0.711  0.724  0.575  0.379  0.423  0.386  0.168  0.126  0.153  0.057 -0.009 -0.001  0.065  0.122  0.165  0.233  0.208  0.233  0.306  0.137  0.221  0.245  0.186  0.146  0.230  0.314  0.410  0.516  0.723  0.852  1.000  0.859  0.619  0.322  0.181  0.387  0.264  0.028 -0.088 -0.255 -0.414 -0.520 -0.376 -0.297 -0.035  0.068  0.155  0.136  0.130 -0.092 -0.273 -0.324 -0.367 -0.349
 -0.282 -0.442 -0.391 -0.509 -0.316 -0.248 -0.148 -0.057 -0.103 -0.164 -0.320 -0.429 -0.434 -0.546 -0.429 -0.350 -0.100  0.039  0.201  0.403  0.507  0.759  0.659  0.572  0.455  0.240  0.220  0.184 -0.024 -0.080 -0.041 -0.127 -0.185 -0.172 -0.111 -0.030  0.046  0.115  0.123  0.148  0.195  0.101  0.161  0.203  0.180  0.117  0.182  0.272  0.370  0.508  0.687  0.716  0.859  1.000  0.825  0.558  0.435  0.624  0.479  0.263  0.125 -0.082 -0.267 -0.410 -0.256 -0.271 -0.058 -0.004  0.061  0.077  0.092 -0.089 -0.209 -0.216 -0.267 -0.262
 -0.015 -0.207 -0.248 -0.463 -0.442 -0.418 -0.321 -0.188 -0.213 -0.261 -0.434 -0.508 -0.495 -0.479 -0.342 -0.144  0.132  0.324  0.490  0.652  0.675  0.712  0.468  0.349  0.334  0.066 -0.040 -0.029 -0.189 -0.295 -0.256 -0.286 -0.329 -0.339 -0.301 -0.233 -0.157 -0.107 -0.082 -0.076 -0.067 -0.119 -0.098 -0.049 -0.003 -0.014 -0.007  0.054  0.111  0.244  0.403  0.432  0.619  0.825  1.000  0.807  0.689  0.754  0.554  0.442  0.316  0.128 -0.028 -0.210 -0.112 -0.277 -0.202 -0.230 -0.192 -0.148 -0.096 -0.149 -0.063  0.046  0.002 -0.007
  0.172  0.016 -0.060 -0.294 -0.415 -0.411 -0.378 -0.261 -0.269 -0.276 -0.418 -0.436 -0.447 -0.348 -0.260 -0.034  0.212  0.416  0.616  0.640  0.549  0.460  0.230  0.056  0.077 -0.111 -0.264 -0.269 -0.355 -0.448 -0.426 -0.422 -0.432 -0.445 -0.438 -0.377 -0.299 -0.268 -0.219 -0.225 -0.241 -0.208 -0.203 -0.136 -0.023 -0.029 -0.062 -0.032 -0.023  0.092  0.176  0.143  0.322  0.558  0.807  1.000  0.838  0.761  0.669  0.658  0.600  0.391  0.233  0.051  0.128 -0.127 -0.182 -0.274 -0.303 -0.237 -0.179 -0.147  0.034  0.185  0.148  0.130
  0.274  0.100  0.017 -0.251 -0.451 -0.466 -0.426 -0.293 -0.299 -0.310 -0.466 -0.481 -0.491 -0.341 -0.252  0.023  0.240  0.483  0.685  0.695  0.514  0.343  0.047 -0.118 -0.052 -0.234 -0.420 -0.396 -0.432 -0.530 -0.505 -0.468 -0.465 -0.485 -0.493 -0.441 -0.374 -0.355 -0.290 -0.301 -0.348 -0.273 -0.300 -0.224 -0.104 -0.085 -0.132 -0.129 -0.142 -0.048  0.018 -0.041  0.181  0.435  0.689  0.838  1.000  0.855  0.691  0.760  0.618  0.453  0.340  0.163  0.193 -0.103 -0.209 -0.345 -0.391 -0.317 -0.237 -0.147  0.113  0.312  0.293  0.267
  0.044 -0.138 -0.106 -0.322 -0.398 -0.369 -0.318 -0.200 -0.217 -0.247 -0.419 -0.474 -0.509 -0.461 -0.386 -0.187  0.041  0.269  0.500  0.566  0.431  0.421  0.208  0.062  0.040 -0.139 -0.245 -0.254 -0.349 -0.411 -0.370 -0.382 -0.398 -0.395 -0.374 -0.300 -0.219 -0.185 -0.129 -0.119 -0.141 -0.106 -0.103 -0.030  0.037  0.011  0.011  0.049  0.086  0.191  0.280  0.202  0.387  0.624  0.754  0.761  0.855  1.000  0.839  0.732  0.525  0.306  0.157 -0.005  0.090 -0.103 -0.100 -0.185 -0.209 -0.144 -0.079 -0.115 -0.013  0.091  0.073  0.060
 -0.012 -0.140 -0.042 -0.203 -0.265 -0.225 -0.219 -0.153 -0.163 -0.168 -0.310 -0.344 -0.415 -0.397 -0.386 -0.264 -0.079  0.110  0.341  0.367  0.211  0.230  0.141 -0.015 -0.095 -0.179 -0.229 -0.288 -0.371 -0.377 -0.345 -0.375 -0.377 -0.352 -0.336 -0.256 -0.169 -0.140 -0.082 -0.063 -0.073  0.000  0.025  0.107  0.181  0.108  0.121  0.169  0.203  0.293  0.310  0.156  0.264  0.479  0.554  0.669  0.691  0.839  1.000  0.822  0.676  0.396  0.210  0.068  0.202  0.038  0.044 -0.035 -0.091 -0.026  0.011 -0.063 -0.061 -0.014 -0.030 -0.038
  0.222  0.107  0.109 -0.102 -0.309 -0.311 -0.324 -0.235 -0.239 -0.228 -0.359 -0.347 -0.404 -0.280 -0.267 -0.088  0.062  0.269  0.467  0.429  0.213  0.103 -0.069 -0.247 -0.238 -0.296 -0.437 -0.469 -0.469 -0.506 -0.494 -0.469 -0.446 -0.446 -0.463 -0.407 -0.333 -0.319 -0.251 -0.256 -0.297 -0.165 -0.175 -0.078  0.058  0.033 -0.008 -0.005 -0.031  0.041  0.026 -0.122  0.028  0.263  0.442  0.658  0.760  0.732  0.822  1.000  0.836  0.591  0.437  0.286  0.348  0.082 -0.035 -0.179 -0.276 -0.210 -0.153 -0.100  0.069  0.214  0.209  0.191
  0.304  0.246  0.202  0.003 -0.244 -0.272 -0.332 -0.261 -0.262 -0.218 -0.320 -0.264 -0.322 -0.162 -0.157  0.015  0.128  0.283  0.427  0.340  0.142 -0.001 -0.149 -0.315 -0.298 -0.329 -0.469 -0.506 -0.478 -0.507 -0.516 -0.474 -0.429 -0.436 -0.475 -0.434 -0.381 -0.381 -0.321 -0.327 -0.353 -0.228 -0.213 -0.101  0.075  0.048 -0.021 -0.033 -0.092 -0.025 -0.067 -0.205 -0.088  0.125  0.316  0.600  0.618  0.525  0.676  0.836  1.000  0.797  0.591  0.420  0.504  0.179  0.004 -0.165 -0.292 -0.237 -0.190 -0.107  0.096  0.256  0.245  0.226
  0.508  0.459  0.360  0.119 -0.231 -0.301 -0.381 -0.301 -0.292 -0.239 -0.317 -0.217 -0.251 -0.006  0.009  0.217  0.268  0.374  0.421  0.281  0.088 -0.133 -0.297 -0.425 -0.361 -0.382 -0.544 -0.556 -0.472 -0.518 -0.544 -0.460 -0.395 -0.426 -0.492 -0.486 -0.466 -0.481 -0.434 -0.457 -0.492 -0.378 -0.359 -0.236 -0.017 -0.007 -0.116 -0.154 -0.268 -0.218 -0.269 -0.362 -0.255 -0.082  0.128  0.391  0.453  0.306  0.396  0.591  0.797  1.000  0.804  0.603  0.609  0.233 -0.047 -0.259 -0.404 -0.369 -0.308 -0.144  0.174  0.399  0.408  0.384
  0.685  0.639  0.539  0.292 -0.168 -0.272 -0.377 -0.313 -0.299 -0.230 -0.268 -0.132 -0.141  0.181  0.209  0.443  0.426  0.456  0.404  0.231  0.060 -0.238 -0.420 -0.519 -0.410 -0.419 -0.596 -0.589 -0.466 -0.516 -0.553 -0.450 -0.370 -0.405 -0.488 -0.501 -0.508 -0.542 -0.494 -0.522 -0.568 -0.446 -0.442 -0.333 -0.132 -0.085 -0.213 -0.270 -0.405 -0.393 -0.457 -0.510 -0.414 -0.267 -0.028  0.233  0.340  0.157  0.210  0.437  0.591  0.804  1.000  0.838  0.659  0.305 -0.060 -0.300 -0.453 -0.423 -0.368 -0.138  0.234  0.469  0.496  0.471
  0.598  0.663  0.631  0.508  0.043 -0.070 -0.238 -0.233 -0.216 -0.128 -0.094  0.070  0.046  0.347  0.300  0.417  0.309  0.291  0.235  0.035 -0.126 -0.397 -0.497 -0.577 -0.492 -0.420 -0.548 -0.565 -0.407 -0.411 -0.467 -0.371 -0.274 -0.298 -0.393 -0.419 -0.443 -0.484 -0.447 -0.464 -0.504 -0.368 -0.360 -0.261 -0.091 -0.070 -0.186 -0.250 -0.375 -0.398 -0.501 -0.562 -0.520 -0.410 -0.210  0.051  0.163 -0.005  0.068  0.286  0.420  0.603  0.838  1.000  0.798  0.506  0.101 -0.157 -0.336 -0.324 -0.295 -0.082  0.210  0.376  0.418  0.396
  0.372  0.427  0.514  0.483  0.158  0.082 -0.125 -0.157 -0.145 -0.055 -0.036  0.103  0.023  0.209  0.112  0.138  0.116  0.129  0.166 -0.014 -0.180 -0.348 -0.383 -0.489 -0.489 -0.395 -0.463 -0.537 -0.421 -0.369 -0.424 -0.373 -0.274 -0.268 -0.354 -0.347 -0.355 -0.382 -0.347 -0.339 -0.348 -0.216 -0.174 -0.042  0.137  0.067 -0.013 -0.060 -0.167 -0.188 -0.291 -0.402 -0.376 -0.256 -0.112  0.128  0.193  0.090  0.202  0.348  0.504  0.609  0.659  0.798  1.000  0.703  0.339  0.059 -0.149 -0.153 -0.146 -0.045  0.097  0.193  0.208  0.189
  0.074  0.170  0.425  0.631  0.492  0.456  0.198  0.037  0.060  0.153  0.247  0.341  0.237  0.267  0.108 -0.024 -0.101 -0.177 -0.146 -0.296 -0.382 -0.402 -0.277 -0.333 -0.428 -0.255 -0.189 -0.315 -0.235 -0.098 -0.156 -0.172 -0.086 -0.047 -0.108 -0.090 -0.104 -0.123 -0.105 -0.067 -0.045  0.063  0.131  0.234  0.314  0.178  0.151  0.130  0.081  0.018 -0.104 -0.222 -0.297 -0.271 -0.277 -0.127 -0.103 -0.103  0.038  0.082  0.179  0.233  0.305  0.506  0.703  1.000  0.715  0.401  0.188  0.138  0.080  0.061 -0.056 -0.144 -0.127 -0.129
 -0.234 -0.141  0.180  0.446  0.617  0.599  0.385  0.199  0.176  0.220  0.295  0.322  0.228  0.080 -0.046 -0.254 -0.298 -0.374 -0.323 -0.374 -0.378 -0.243 -0.036 -0.059 -0.242 -0.091  0.080 -0.070 -0.095  0.082  0.051 -0.035  0.012  0.083  0.068  0.112  0.120  0.124  0.133  0.198  0.263  0.337  0.445  0.540  0.505  0.333  0.363  0.361  0.369  0.299  0.199  0.071 -0.035 -0.058 -0.202 -0.182 -0.209 -0.100  0.044 -0.035  0.004 -0.047 -0.060  0.101  0.339  0.715  1.000  0.722  0.524  0.421  0.313  0.133 -0.223 -0.436 -0.437 -0.421
 -0.450 -0.352 -0.090  0.210  0.554  0.678  0.612  0.423  0.332  0.278  0.384  0.359  0.261 -0.009 -0.152 -0.390 -0.441 -0.535 -0.482 -0.486 -0.421 -0.180  0.110  0.111 -0.105  0.064  0.298  0.134  0.051  0.271  0.259  0.108  0.123  0.236  0.269  0.338  0.356  0.374  0.385  0.455  0.551  0.606  0.716  0.763  0.592  0.380  0.497  0.478  0.541  0.423  0.323  0.213  0.068 -0.004 -0.230 -0.274 -0.345 -0.185 -0.035 -0.179 -0.165 -0.259 -0.300 -0.157  0.059  0.401  0.722  1.000  0.844  0.693  0.523  0.210 -0.336 -0.661 -0.674 -0.644
 -0.534 -0.449 -0.224  0.070  0.502  0.629  0.616  0.424  0.324  0.271  0.380  0.326  0.259 -0.052 -0.166 -0.411 -0.461 -0.560 -0.520 -0.473 -0.353 -0.076  0.206  0.236  0.040  0.166  0.415  0.290  0.170  0.373  0.384  0.213  0.201  0.323  0.389  0.453  0.461  0.477  0.499  0.607  0.708  0.725  0.760  0.697  0.466  0.259  0.404  0.431  0.552  0.459  0.387  0.305  0.155  0.061 -0.192 -0.303 -0.391 -0.209 -0.091 -0.276 -0.292 -0.404 -0.453 -0.336 -0.149  0.188  0.524  0.844  1.000  0.847  0.673  0.319 -0.299 -0.695 -0.739 -0.715
 -0.498 -0.430 -0.227  0.029  0.391  0.517  0.494  0.333  0.254  0.238  0.312  0.266  0.193 -0.080 -0.184 -0.392 -0.435 -0.515 -0.466 -0.418 -0.306 -0.052  0.191  0.190  0.031  0.129  0.352  0.243  0.103  0.312  0.347  0.153  0.137  0.296  0.380  0.478  0.497  0.499  0.563  0.691  0.750  0.807  0.743  0.644  0.393  0.171  0.332  0.385  0.532  0.449  0.373  0.267  0.136  0.077 -0.148 -0.237 -0.317 -0.144 -0.026 -0.210 -0.237 -0.369 -0.423 -0.324 -0.153  0.138  0.421  0.693  0.847  1.000  0.829  0.487 -0.212 -0.660 -0.727 -0.711
 -0.427 -0.392 -0.228 -0.038  0.255  0.375  0.352  0.254  0.180  0.194  0.204  0.157  0.082 -0.139 -0.217 -0.369 -0.389 -0.434 -0.371 -0.327 -0.244 -0.031  0.163  0.161  0.021  0.080  0.287  0.204  0.063  0.241  0.291  0.118  0.096  0.242  0.330  0.417  0.434  0.425  0.518  0.700  0.710  0.693  0.611  0.515  0.299  0.116  0.257  0.313  0.442  0.382  0.332  0.237  0.130  0.092 -0.096 -0.179 -0.237 -0.079  0.011 -0.153 -0.190 -0.308 -0.368 -0.295 -0.146  0.080  0.313  0.523  0.673  0.829  1.000  0.685 -0.004 -0.543 -0.649 -0.654
 -0.141 -0.113 -0.050  0.045  0.145  0.189  0.158  0.087  0.048  0.103  0.108  0.110  0.074  0.007 -0.045 -0.110 -0.153 -0.199 -0.190 -0.198 -0.164 -0.118 -0.040 -0.068 -0.091 -0.039  0.039  0.011 -0.033  0.069  0.103  0.008  0.000  0.092  0.150  0.218  0.236  0.180  0.262  0.465  0.369  0.446  0.313  0.214  0.066 -0.056  0.030  0.070  0.148  0.104  0.042 -0.037 -0.092 -0.089 -0.149 -0.147 -0.147 -0.115 -0.063 -0.100 -0.107 -0.144 -0.138 -0.082 -0.045  0.061  0.133  0.210  0.319  0.487  0.685  1.000  0.316 -0.160 -0.339 -0.405
  0.288  0.278  0.128  0.032 -0.153 -0.217 -0.275 -0.283 -0.255 -0.144 -0.157 -0.088 -0.058  0.084  0.110  0.218  0.205  0.239  0.200  0.148  0.065 -0.127 -0.277 -0.296 -0.163 -0.197 -0.330 -0.251 -0.151 -0.229 -0.237 -0.143 -0.134 -0.192 -0.201 -0.229 -0.244 -0.291 -0.239 -0.162 -0.270 -0.213 -0.306 -0.347 -0.300 -0.241 -0.299 -0.325 -0.359 -0.329 -0.339 -0.338 -0.273 -0.209 -0.063  0.034  0.113 -0.013 -0.061  0.069  0.096  0.174  0.234  0.210  0.097 -0.056 -0.223 -0.336 -0.299 -0.212 -0.004  0.316  1.000  0.517  0.304  0.190
  0.540  0.494  0.207 -0.027 -0.395 -0.520 -0.544 -0.435 -0.399 -0.326 -0.387 -0.298 -0.234  0.055  0.145  0.391  0.406  0.514  0.462  0.385  0.242 -0.080 -0.377 -0.413 -0.186 -0.291 -0.567 -0.436 -0.264 -0.470 -0.511 -0.312 -0.281 -0.419 -0.487 -0.550 -0.568 -0.590 -0.572 -0.607 -0.676 -0.613 -0.668 -0.653 -0.475 -0.321 -0.471 -0.507 -0.618 -0.539 -0.512 -0.472 -0.324 -0.216  0.046  0.185  0.312  0.091 -0.014  0.214  0.256  0.399  0.469  0.376  0.193 -0.144 -0.436 -0.661 -0.695 -0.660 -0.543 -0.160  0.517  1.000  0.846  0.700
  0.551  0.510  0.251  0.015 -0.397 -0.518 -0.554 -0.430 -0.392 -0.333 -0.377 -0.278 -0.220  0.084  0.166  0.413  0.387  0.495  0.441  0.355  0.200 -0.131 -0.429 -0.450 -0.220 -0.323 -0.598 -0.465 -0.279 -0.495 -0.542 -0.325 -0.288 -0.438 -0.520 -0.600 -0.617 -0.635 -0.641 -0.692 -0.756 -0.695 -0.726 -0.689 -0.494 -0.322 -0.484 -0.528 -0.652 -0.586 -0.561 -0.512 -0.367 -0.267  0.002  0.148  0.293  0.073 -0.030  0.209  0.245  0.408  0.496  0.418  0.208 -0.127 -0.437 -0.674 -0.739 -0.727 -0.649 -0.339  0.304  0.846  1.000  0.914
  0.519  0.478  0.239  0.013 -0.384 -0.499 -0.527 -0.394 -0.357 -0.323 -0.360 -0.265 -0.207  0.082  0.161  0.397  0.363  0.468  0.412  0.332  0.183 -0.129 -0.412 -0.427 -0.208 -0.302 -0.560 -0.431 -0.253 -0.459 -0.503 -0.293 -0.258 -0.404 -0.484 -0.566 -0.584 -0.599 -0.613 -0.681 -0.733 -0.683 -0.705 -0.663 -0.475 -0.303 -0.456 -0.502 -0.622 -0.566 -0.539 -0.484 -0.349 -0.262 -0.007  0.130  0.267  0.060 -0.038  0.191  0.226  0.384  0.471  0.396  0.189 -0.129 -0.421 -0.644 -0.715 -0.711 -0.654 -0.405  0.190  0.700  0.914  1.000
