  1.000  0.790  0.563  0.261 -0.198 -0.335 -0.390 -0.300 -0.279 -0.242 -0.270 -0.154 -0.080  0.273  0.355  0.668  0.681  0.658  0.503  0.344  0.234 -0.124 -0.370 -0.434 -0.259 -0.321 -0.532 -0.476 -0.356 -0.458 -0.491 -0.373 -0.311 -0.371 -0.446 -0.478 -0.496 -0.531 -0.492 -0.529 -0.592 -0.500 -0.528 -0.483 -0.328 -0.218 -0.345 -0.407 -0.515 -0.491 -0.508 -0.488 -0.386 -0.285 -0.014  0.175  0.278  0.045 -0.010  0.228  0.308  0.506  0.683  0.594  0.366  0.071 -0.232 -0.453 -0.533 -0.499 -0.434 -0.146  0.287  0.537  0.549  0.518
  0.790  1.000  0.680  0.434 -0.012 -0.176 -0.286 -0.258 -0.236 -0.179 -0.126  0.029  0.106  0.452  0.530  0.685  0.523  0.487  0.323  0.152  0.032 -0.300 -0.461 -0.499 -0.339 -0.321 -0.485 -0.450 -0.296 -0.363 -0.417 -0.300 -0.222 -0.282 -0.368 -0.418 -0.448 -0.485 -0.458 -0.503 -0.555 -0.453 -0.479 -0.448 -0.301 -0.207 -0.333 -0.404 -0.508 -0.505 -0.564 -0.555 -0.503 -0.444 -0.205  0.020  0.104 -0.137 -0.139  0.109  0.248  0.456  0.635  0.661  0.422  0.168 -0.137 -0.353 -0.449 -0.430 -0.395 -0.117  0.275  0.494  0.510  0.478
  0.563  0.680  1.000  0.704  0.263  0.083 -0.100 -0.150 -0.135 -0.059  0.017  0.202  0.248  0.536  0.534  0.490  0.378  0.252  0.136 -0.034 -0.126 -0.366 -0.426 -0.458 -0.405 -0.325 -0.386 -0.415 -0.292 -0.267 -0.323 -0.258 -0.169 -0.186 -0.265 -0.293 -0.323 -0.362 -0.338 -0.346 -0.381 -0.271 -0.275 -0.220 -0.116 -0.067 -0.147 -0.212 -0.298 -0.340 -0.417 -0.454 -0.441 -0.394 -0.249 -0.058  0.018 -0.105 -0.039  0.113  0.205  0.355  0.536  0.628  0.510  0.418  0.179 -0.095 -0.225 -0.227 -0.229 -0.052  0.131  0.211  0.254  0.242
  0.261  0.434  0.704  1.000  0.664  0.481  0.216  0.031  0.073  0.175  0.374  0.544  0.536  0.658  0.489  0.311  0.124 -0.048 -0.160 -0.327 -0.376 -0.511 -0.425 -0.420 -0.425 -0.262 -0.229 -0.293 -0.164 -0.062 -0.133 -0.111 -0.015  0.005 -0.069 -0.096 -0.147 -0.197 -0.182 -0.158 -0.162 -0.053 -0.038 -0.010  0.014  0.009 -0.036 -0.099 -0.151 -0.240 -0.358 -0.411 -0.487 -0.506 -0.464 -0.292 -0.252 -0.323 -0.201 -0.099  0.004  0.113  0.286  0.502  0.474  0.628  0.454  0.213  0.078  0.036 -0.035  0.042  0.031 -0.031  0.012  0.011
 -0.198 -0.012  0.263  0.664  1.000  0.821  0.564  0.285  0.295  0.353  0.579  0.668  0.669  0.460  0.287 -0.030 -0.183 -0.367 -0.434 -0.504 -0.456 -0.382 -0.152 -0.105 -0.217 -0.027  0.128  0.032  0.077  0.237  0.181  0.123  0.177  0.225  0.200  0.190  0.149  0.127  0.120  0.176  0.225  0.294  0.334  0.324  0.230  0.135  0.181  0.157  0.179  0.071 -0.027 -0.082 -0.219 -0.313 -0.443 -0.416 -0.453 -0.399 -0.265 -0.306 -0.244 -0.230 -0.171  0.041  0.156  0.492  0.619  0.557  0.504  0.393  0.252  0.143 -0.153 -0.395 -0.397 -0.384
 -0.335 -0.176  0.083  0.481  0.821  1.000  0.742  0.449  0.433  0.478  0.669  0.679  0.569  0.304  0.101 -0.181 -0.313 -0.483 -0.511 -0.564 -0.492 -0.343 -0.080 -0.042 -0.187 -0.004  0.186  0.068  0.079  0.264  0.226  0.135  0.183  0.261  0.248  0.260  0.232  0.220  0.222  0.299  0.358  0.408  0.455  0.448  0.318  0.193  0.267  0.246  0.291  0.174  0.080  0.013 -0.147 -0.243 -0.418 -0.413 -0.467 -0.367 -0.223 -0.307 -0.271 -0.297 -0.274 -0.072  0.079  0.456  0.600  0.679  0.630  0.518  0.373  0.188 -0.219 -0.520 -0.517 -0.499
 -0.390 -0.286 -0.100  0.216  0.564  0.742  1.000  0.775  0.627  0.434  0.593  0.466  0.420  0.158  0.003 -0.215 -0.333 -0.462 -0.473 -0.470 -0.381 -0.217  0.010  0.058 -0.066  0.069  0.257  0.173  0.138  0.287  0.286  0.183  0.183  0.260  0.285  0.302  0.299  0.322  0.348  0.376  0.415  0.465  0.479  0.425  0.253  0.140  0.239  0.215  0.289  0.184  0.116  0.074 -0.052 -0.145 -0.319 -0.377 -0.423 -0.311 -0.213 -0.317 -0.330 -0.373 -0.374 -0.236 -0.123  0.198  0.385  0.613  0.616  0.492  0.348  0.155 -0.277 -0.543 -0.551 -0.525
 -0.300 -0.258 -0.150  0.031  0.285  0.449  0.775  1.000  0.732  0.421  0.392  0.220  0.175  0.004 -0.072 -0.191 -0.274 -0.336 -0.335 -0.317 -0.247 -0.112  0.035  0.070 -0.016  0.042  0.182  0.133  0.076  0.169  0.191  0.110  0.100  0.161  0.191  0.211  0.225  0.253  0.283  0.297  0.317  0.340  0.336  0.299  0.171  0.096  0.173  0.151  0.204  0.136  0.110  0.082  0.005 -0.057 -0.188 -0.261 -0.292 -0.196 -0.149 -0.229 -0.261 -0.295 -0.308 -0.234 -0.158  0.036  0.196  0.424  0.425  0.335  0.255  0.088 -0.286 -0.439 -0.431 -0.394
 -0.279 -0.236 -0.135  0.073  0.295  0.433  0.627  0.732  1.000  0.743  0.618  0.324  0.216  0.055 -0.040 -0.165 -0.239 -0.308 -0.315 -0.305 -0.247 -0.150 -0.017  0.030 -0.046  0.009  0.139  0.105  0.074  0.149  0.168  0.113  0.106  0.156  0.178  0.179  0.180  0.190  0.205  0.218  0.235  0.244  0.249  0.218  0.111  0.063  0.118  0.108  0.150  0.081  0.062  0.042 -0.035 -0.103 -0.215 -0.270 -0.297 -0.214 -0.160 -0.235 -0.260 -0.284 -0.297 -0.214 -0.140  0.065  0.178  0.332  0.323  0.251  0.177  0.044 -0.256 -0.400 -0.391 -0.355
 -0.242 -0.179 -0.059  0.175  0.353  0.478  0.434  0.421  0.743  1.000  0.690  0.436  0.258  0.118  0.001 -0.140 -0.208 -0.295 -0.322 -0.333 -0.282 -0.208 -0.073 -0.025 -0.099 -0.027  0.094  0.054  0.056  0.143  0.142  0.100  0.126  0.173  0.165  0.159  0.140  0.129  0.126  0.169  0.186  0.187  0.191  0.168  0.084  0.037  0.077  0.083  0.116  0.045  0.020 -0.005 -0.092 -0.163 -0.263 -0.276 -0.311 -0.247 -0.167 -0.226 -0.213 -0.232 -0.231 -0.130 -0.053  0.155  0.223  0.280  0.269  0.236  0.192  0.101 -0.142 -0.328 -0.333 -0.323
 -0.270 -0.126  0.017  0.374  0.579  0.669  0.593  0.392  0.618  0.690  1.000  0.789  0.628  0.398  0.175 -0.070 -0.221 -0.385 -0.442 -0.491 -0.423 -0.336 -0.125 -0.061 -0.148 -0.006  0.143  0.088  0.126  0.246  0.219  0.179  0.219  0.274  0.255  0.222  0.179  0.163  0.153  0.183  0.218  0.245  0.266  0.223  0.115  0.061  0.108  0.095  0.129  0.031 -0.039 -0.062 -0.205 -0.310 -0.428 -0.415 -0.463 -0.413 -0.305 -0.354 -0.314 -0.309 -0.271 -0.096 -0.036  0.248  0.300  0.388  0.380  0.314  0.202  0.101 -0.161 -0.390 -0.378 -0.360
 -0.154  0.029  0.202  0.544  0.668  0.679  0.466  0.220  0.324  0.436  0.789  1.000  0.812  0.602  0.329  0.049 -0.130 -0.335 -0.423 -0.514 -0.462 -0.416 -0.196 -0.141 -0.205 -0.030  0.089  0.027  0.112  0.231  0.173  0.159  0.224  0.264  0.217  0.170  0.111  0.077  0.059  0.094  0.132  0.171  0.205  0.174  0.102  0.051  0.077  0.051  0.068 -0.034 -0.133 -0.154 -0.313 -0.415 -0.502 -0.435 -0.481 -0.470 -0.340 -0.344 -0.260 -0.215 -0.135  0.065  0.097  0.336  0.326  0.364  0.327  0.269  0.156  0.104 -0.094 -0.303 -0.281 -0.268
 -0.080  0.106  0.248  0.536  0.669  0.569  0.420  0.175  0.216  0.258  0.628  0.812  1.000  0.761  0.502  0.185 -0.016 -0.248 -0.369 -0.455 -0.390 -0.378 -0.182 -0.101 -0.135  0.029  0.126  0.090  0.174  0.260  0.201  0.203  0.247  0.258  0.225  0.163  0.101  0.070  0.047  0.060  0.085  0.123  0.142  0.086  0.018 -0.002  0.021 -0.014 -0.006 -0.102 -0.184 -0.167 -0.307 -0.428 -0.495 -0.448 -0.492 -0.508 -0.411 -0.401 -0.319 -0.249 -0.142  0.046  0.020  0.234  0.231  0.266  0.260  0.196  0.082  0.072 -0.059 -0.235 -0.220 -0.210
  0.273  0.452  0.536  0.658  0.460  0.304  0.158  0.004  0.055  0.118  0.398  0.602  0.761  1.000  0.757  0.503  0.266  0.032 -0.135 -0.280 -0.279 -0.428 -0.347 -0.296 -0.249 -0.117 -0.114 -0.127 -0.001  0.035 -0.032  0.014  0.084  0.078  0.016 -0.050 -0.113 -0.160 -0.168 -0.188 -0.201 -0.140 -0.141 -0.179 -0.158 -0.114 -0.161 -0.216 -0.256 -0.330 -0.415 -0.383 -0.470 -0.543 -0.481 -0.346 -0.340 -0.462 -0.393 -0.274 -0.157 -0.006  0.180  0.346  0.204  0.265  0.086 -0.006 -0.051 -0.079 -0.139  0.005  0.084  0.053  0.083  0.081
  0.355  0.530  0.534  0.489  0.287  0.101  0.003 -0.072 -0.040  0.001  0.175  0.329  0.502  0.757  1.000  0.698  0.428  0.196 -0.005 -0.116 -0.096 -0.273 -0.273 -0.214 -0.139 -0.052 -0.098 -0.094  0.010  0.008 -0.061 -0.011  0.047  0.015 -0.039 -0.096 -0.151 -0.175 -0.179 -0.224 -0.241 -0.205 -0.228 -0.280 -0.259 -0.183 -0.238 -0.285 -0.319 -0.366 -0.402 -0.329 -0.361 -0.433 -0.346 -0.261 -0.248 -0.383 -0.383 -0.260 -0.149  0.013  0.212  0.306  0.116  0.108 -0.039 -0.151 -0.167 -0.186 -0.218 -0.048  0.110  0.146  0.167  0.163
  0.668  0.685  0.490  0.311 -0.030 -0.181 -0.215 -0.191 -0.165 -0.140 -0.070  0.049  0.185  0.503  0.698  1.000  0.717  0.515  0.304  0.193  0.168 -0.136 -0.298 -0.291 -0.142 -0.170 -0.301 -0.259 -0.167 -0.244 -0.284 -0.194 -0.145 -0.199 -0.259 -0.311 -0.344 -0.365 -0.346 -0.396 -0.444 -0.393 -0.433 -0.465 -0.396 -0.277 -0.376 -0.420 -0.480 -0.476 -0.485 -0.405 -0.364 -0.354 -0.145 -0.034  0.025 -0.185 -0.262 -0.082  0.021  0.218  0.441  0.419  0.139 -0.020 -0.246 -0.389 -0.411 -0.395 -0.373 -0.115  0.215  0.388  0.411  0.396
  0.681  0.523  0.378  0.124 -0.183 -0.313 -0.333 -0.274 -0.239 -0.208 -0.221 -0.130 -0.016  0.266  0.428  0.717  1.000  0.799  0.542  0.432  0.452  0.105 -0.144 -0.170 -0.028 -0.138 -0.305 -0.261 -0.215 -0.321 -0.347 -0.269 -0.241 -0.298 -0.341 -0.366 -0.377 -0.391 -0.367 -0.414 -0.451 -0.426 -0.455 -0.445 -0.347 -0.227 -0.318 -0.363 -0.430 -0.394 -0.351 -0.264 -0.166 -0.105  0.133  0.214  0.245  0.044 -0.071  0.070  0.134  0.265  0.423  0.311  0.116 -0.098 -0.294 -0.444 -0.467 -0.440 -0.396 -0.161  0.201  0.404  0.385  0.365
  0.658  0.487  0.252 -0.048 -0.367 -0.483 -0.462 -0.336 -0.308 -0.295 -0.385 -0.335 -0.248  0.032  0.196  0.515  0.799  1.000  0.785  0.668  0.611  0.226 -0.119 -0.185  0.000 -0.185 -0.417 -0.340 -0.308 -0.453 -0.462 -0.369 -0.346 -0.414 -0.453 -0.464 -0.457 -0.468 -0.425 -0.473 -0.527 -0.491 -0.537 -0.498 -0.368 -0.239 -0.344 -0.387 -0.461 -0.397 -0.334 -0.260 -0.094  0.032  0.322  0.415  0.484  0.268  0.109  0.271  0.284  0.369  0.455  0.289  0.126 -0.178 -0.375 -0.539 -0.564 -0.519 -0.441 -0.201  0.235  0.514  0.495  0.471
  0.503  0.323  0.136 -0.160 -0.434 -0.511 -0.473 -0.335 -0.315 -0.322 -0.442 -0.423 -0.369 -0.135 -0.005  0.304  0.542  0.785  1.000  0.797  0.608  0.278 -0.060 -0.164 -0.027 -0.224 -0.436 -0.374 -0.368 -0.505 -0.499 -0.420 -0.405 -0.459 -0.490 -0.475 -0.444 -0.442 -0.393 -0.430 -0.483 -0.443 -0.478 -0.416 -0.270 -0.175 -0.266 -0.294 -0.354 -0.277 -0.207 -0.180  0.012  0.195  0.491  0.618  0.687  0.501  0.342  0.468  0.426  0.418  0.405  0.232  0.162 -0.150 -0.330 -0.490 -0.527 -0.474 -0.380 -0.196  0.198  0.464  0.445  0.418
  0.344  0.152 -0.034 -0.327 -0.504 -0.564 -0.470 -0.317 -0.305 -0.333 -0.491 -0.514 -0.455 -0.280 -0.116  0.193  0.432  0.668  0.797  1.000  0.813  0.512  0.156  0.055  0.177 -0.077 -0.284 -0.213 -0.274 -0.433 -0.411 -0.362 -0.383 -0.434 -0.436 -0.412 -0.360 -0.338 -0.300 -0.335 -0.373 -0.374 -0.409 -0.365 -0.265 -0.180 -0.241 -0.236 -0.258 -0.158 -0.044  0.017  0.226  0.397  0.651  0.638  0.694  0.563  0.365  0.426  0.337  0.277  0.234  0.035 -0.014 -0.296 -0.378 -0.488 -0.479 -0.424 -0.333 -0.203  0.142  0.388  0.360  0.338
  0.234  0.032 -0.126 -0.376 -0.456 -0.492 -0.381 -0.247 -0.247 -0.282 -0.423 -0.462 -0.390 -0.279 -0.096  0.168  0.452  0.611  0.608  0.813  1.000  0.747  0.384  0.291  0.413  0.130 -0.070 -0.010 -0.122 -0.282 -0.262 -0.255 -0.294 -0.335 -0.314 -0.283 -0.233 -0.203 -0.182 -0.202 -0.224 -0.274 -0.304 -0.298 -0.259 -0.194 -0.220 -0.185 -0.161 -0.048  0.099  0.215  0.387  0.502  0.674  0.544  0.513  0.428  0.208  0.210  0.137  0.084  0.058 -0.129 -0.181 -0.381 -0.379 -0.423 -0.360 -0.313 -0.252 -0.171  0.061  0.245  0.204  0.188
 -0.124 -0.300 -0.366 -0.511 -0.382 -0.343 -0.217 -0.112 -0.150 -0.208 -0.336 -0.416 -0.378 -0.428 -0.273 -0.136  0.105  0.226  0.278  0.512  0.747  1.000  0.759  0.651  0.686  0.447  0.263  0.264  0.095 -0.044 -0.040 -0.096 -0.163 -0.179 -0.127 -0.071 -0.005  0.055  0.052  0.055  0.080 -0.030 -0.002 -0.002 -0.027 -0.039  0.003  0.090  0.176  0.311  0.485  0.617  0.712  0.755  0.707  0.452  0.340  0.417  0.226  0.100 -0.008 -0.138 -0.238 -0.399 -0.348 -0.400 -0.244 -0.180 -0.081 -0.057 -0.036 -0.123 -0.125 -0.076 -0.127 -0.126
 -0.370 -0.461 -0.426 -0.425 -0.152 -0.080  0.010  0.035 -0.017 -0.073 -0.125 -0.196 -0.182 -0.347 -0.273 -0.298 -0.144 -0.119 -0.060  0.156  0.384  0.759  1.000  0.842  0.674  0.608  0.587  0.470  0.237  0.182  0.185  0.059 -0.028 -0.010  0.063  0.128  0.226  0.324  0.290  0.267  0.335  0.224  0.314  0.287  0.215  0.135  0.226  0.342  0.464  0.571  0.681  0.790  0.711  0.660  0.466  0.226  0.045  0.208  0.144 -0.068 -0.151 -0.300 -0.423 -0.499 -0.384 -0.275 -0.035  0.116  0.208  0.193  0.167 -0.037 -0.272 -0.376 -0.430 -0.417
 -0.434 -0.499 -0.458 -0.420 -0.105 -0.042  0.058  0.070  0.030 -0.025 -0.061 -0.141 -0.101 -0.296 -0.214 -0.291 -0.170 -0.185 -0.164  0.055  0.291  0.651  0.842  1.000  0.807  0.618  0.715  0.672  0.404  0.348  0.369  0.249  0.155  0.160  0.236  0.265  0.303  0.385  0.317  0.307  0.409  0.193  0.282  0.243  0.146  0.105  0.200  0.297  0.419  0.497  0.637  0.798  0.726  0.574  0.348  0.051 -0.121  0.060 -0.016 -0.252 -0.320 -0.431 -0.525 -0.585 -0.493 -0.333 -0.059  0.116  0.238  0.191  0.165 -0.067 -0.290 -0.412 -0.450 -0.430
 -0.259 -0.339 -0.405 -0.425 -0.217 -0.187 -0.066 -0.016 -0.046 -0.099 -0.148 -0.205 -0.135 -0.249 -0.139 -0.142 -0.028  0.000 -0.027  0.177  0.413  0.686  0.674  0.807  1.000  0.739  0.562  0.645  0.492  0.298  0.289  0.244  0.145  0.101  0.159  0.162  0.182  0.233  0.175  0.171  0.230  0.049  0.077 -0.001 -0.099 -0.093 -0.040  0.040  0.154  0.246  0.401  0.578  0.573  0.452  0.331  0.069 -0.056  0.037 -0.100 -0.243 -0.304 -0.366 -0.410 -0.492 -0.490 -0.425 -0.239 -0.102  0.040  0.028  0.019 -0.095 -0.162 -0.186 -0.218 -0.207
 -0.321 -0.321 -0.325 -0.262 -0.027 -0.004  0.069  0.042  0.009 -0.027 -0.006 -0.030  0.029 -0.117 -0.052 -0.170 -0.138 -0.185 -0.224 -0.077  0.130  0.447  0.608  0.618  0.739  1.000  0.727  0.634  0.616  0.495  0.395  0.336  0.246  0.196  0.235  0.233  0.279  0.352  0.275  0.232  0.277  0.194  0.235  0.135  0.029 -0.007  0.054  0.112  0.211  0.253  0.315  0.457  0.375  0.237  0.063 -0.115 -0.236 -0.141 -0.178 -0.295 -0.329 -0.381 -0.417 -0.414 -0.390 -0.251 -0.084  0.068  0.167  0.129  0.084 -0.036 -0.192 -0.290 -0.323 -0.305
 -0.532 -0.485 -0.386 -0.229  0.128  0.186  0.257  0.182  0.139  0.094  0.143  0.089  0.126 -0.114 -0.098 -0.301 -0.305 -0.417 -0.436 -0.284 -0.070  0.263  0.587  0.715  0.562  0.727  1.000  0.848  0.628  0.688  0.687  0.515  0.408  0.440  0.516  0.532  0.566  0.645  0.542  0.475  0.569  0.393  0.445  0.342  0.179  0.115  0.225  0.283  0.409  0.406  0.451  0.568  0.420  0.220 -0.040 -0.266 -0.422 -0.246 -0.229 -0.439 -0.472 -0.548 -0.599 -0.548 -0.461 -0.190  0.080  0.303  0.417  0.354  0.293  0.046 -0.325 -0.567 -0.599 -0.561
 -0.476 -0.450 -0.415 -0.293  0.032  0.068  0.173  0.133  0.105  0.054  0.088  0.027  0.090 -0.127 -0.094 -0.259 -0.261 -0.340 -0.374 -0.213 -0.010  0.264  0.470  0.672  0.645  0.634  0.848  1.000  0.787  0.701  0.758  0.667  0.524  0.500  0.586  0.546  0.528  0.557  0.452  0.416  0.499  0.273  0.283  0.155 -0.020 -0.033  0.057  0.113  0.244  0.254  0.344  0.477  0.384  0.183 -0.029 -0.272 -0.397 -0.252 -0.288 -0.469 -0.507 -0.559 -0.590 -0.565 -0.534 -0.312 -0.069  0.138  0.293  0.245  0.212  0.017 -0.249 -0.438 -0.466 -0.433
 -0.356 -0.296 -0.292 -0.164  0.077  0.079  0.138  0.076  0.074  0.056  0.126  0.112  0.174 -0.001  0.010 -0.167 -0.215 -0.308 -0.368 -0.274 -0.122  0.095  0.237  0.404  0.492  0.616  0.628  0.787  1.000  0.822  0.712  0.773  0.699  0.568  0.565  0.444  0.341  0.344  0.224  0.230  0.314  0.131  0.140  0.007 -0.136 -0.112 -0.065 -0.042  0.049  0.045  0.112  0.244  0.165 -0.024 -0.188 -0.356 -0.431 -0.347 -0.371 -0.468 -0.479 -0.473 -0.467 -0.406 -0.421 -0.235 -0.097  0.051  0.173  0.105  0.072 -0.025 -0.141 -0.263 -0.281 -0.258
 -0.458 -0.363 -0.267 -0.062  0.237  0.264  0.287  0.169  0.149  0.143  0.246  0.231  0.260  0.035  0.008 -0.244 -0.321 -0.453 -0.505 -0.433 -0.282 -0.044  0.182  0.348  0.298  0.495  0.688  0.701  0.822  1.000  0.878  0.791  0.778  0.769  0.749  0.681  0.544  0.523  0.411  0.413  0.500  0.307  0.306  0.188  0.014 -0.004  0.080  0.082  0.175  0.121  0.145  0.242  0.123 -0.078 -0.292 -0.446 -0.528 -0.409 -0.377 -0.505 -0.505 -0.517 -0.516 -0.410 -0.367 -0.099  0.079  0.270  0.374  0.314  0.249  0.078 -0.220 -0.465 -0.494 -0.460
 -0.491 -0.417 -0.323 -0.133  0.181  0.226  0.286  0.191  0.168  0.142  0.219  0.173  0.201 -0.032 -0.061 -0.284 -0.347 -0.462 -0.499 -0.411 -0.262 -0.040  0.185  0.369  0.289  0.395  0.687  0.758  0.712  0.878  1.000  0.857  0.750  0.789  0.848  0.790  0.696  0.649  0.546  0.520  0.557  0.365  0.326  0.200  0.005 -0.015  0.084  0.095  0.201  0.147  0.183  0.260  0.152 -0.038 -0.252 -0.423 -0.502 -0.367 -0.343 -0.493 -0.514 -0.546 -0.557 -0.472 -0.427 -0.159  0.045  0.259  0.384  0.349  0.297  0.109 -0.232 -0.509 -0.542 -0.504
 -0.373 -0.300 -0.258 -0.111  0.123  0.135  0.183  0.110  0.113  0.100  0.179  0.159  0.203  0.014 -0.011 -0.194 -0.269 -0.369 -0.420 -0.362 -0.255 -0.096  0.059  0.249  0.244  0.336  0.515  0.667  0.773  0.791  0.857  1.000  0.884  0.763  0.775  0.601  0.437  0.397  0.285  0.288  0.350  0.166  0.147  0.031 -0.108 -0.076 -0.023 -0.026  0.046 -0.000  0.043  0.137  0.055 -0.127 -0.284 -0.421 -0.468 -0.385 -0.381 -0.473 -0.474 -0.462 -0.454 -0.376 -0.378 -0.178 -0.044  0.103  0.211  0.152  0.121  0.014 -0.136 -0.310 -0.323 -0.292
 -0.311 -0.222 -0.169 -0.015  0.177  0.183  0.183  0.100  0.106  0.126  0.219  0.224  0.247  0.084  0.047 -0.145 -0.241 -0.346 -0.405 -0.383 -0.294 -0.163 -0.028  0.155  0.145  0.246  0.408  0.524  0.699  0.778  0.750  0.884  1.000  0.868  0.761  0.587  0.322  0.273  0.171  0.190  0.293  0.101  0.103  0.012 -0.104 -0.069 -0.028 -0.048  0.008 -0.048 -0.018  0.073 -0.014 -0.188 -0.330 -0.433 -0.468 -0.406 -0.385 -0.451 -0.428 -0.395 -0.371 -0.276 -0.277 -0.093  0.004  0.117  0.199  0.136  0.098  0.007 -0.126 -0.276 -0.285 -0.255
 -0.371 -0.282 -0.186  0.005  0.225  0.261  0.260  0.161  0.156  0.173  0.274  0.264  0.258  0.078  0.015 -0.199 -0.298 -0.414 -0.459 -0.434 -0.335 -0.179 -0.010  0.160  0.101  0.196  0.440  0.500  0.568  0.769  0.789  0.763  0.868  1.000  0.905  0.798  0.534  0.443  0.362  0.357  0.438  0.236  0.216  0.123 -0.027 -0.032  0.038  0.023  0.099  0.027  0.042  0.102 -0.004 -0.172 -0.340 -0.444 -0.487 -0.400 -0.355 -0.447 -0.434 -0.425 -0.406 -0.302 -0.273 -0.055  0.073  0.232  0.320  0.294  0.241  0.096 -0.186 -0.414 -0.434 -0.400
 -0.446 -0.368 -0.265 -0.069  0.200  0.248  0.285  0.191  0.178  0.165  0.255  0.217  0.225  0.016 -0.039 -0.259 -0.341 -0.453 -0.490 -0.436 -0.314 -0.127  0.063  0.236  0.159  0.235  0.516  0.586  0.565  0.749  0.848  0.775  0.761  0.905  1.000  0.903  0.703  0.589  0.506  0.496  0.542  0.341  0.292  0.180 -0.003 -0.025  0.070  0.068  0.163  0.092  0.118  0.172  0.063 -0.111 -0.302 -0.436 -0.494 -0.375 -0.336 -0.462 -0.472 -0.492 -0.489 -0.396 -0.356 -0.112  0.061  0.265  0.385  0.378  0.329  0.155 -0.197 -0.484 -0.520 -0.482
 -0.478 -0.418 -0.293 -0.096  0.190  0.260  0.302  0.211  0.179  0.159  0.222  0.170  0.163 -0.050 -0.096 -0.311 -0.366 -0.464 -0.475 -0.412 -0.283 -0.071  0.128  0.265  0.162  0.233  0.532  0.546  0.444  0.681  0.790  0.601  0.587  0.798  0.903  1.000  0.846  0.703  0.620  0.609  0.621  0.449  0.386  0.281  0.082  0.024  0.140  0.145  0.250  0.183  0.200  0.225  0.119 -0.028 -0.234 -0.374 -0.441 -0.300 -0.255 -0.406 -0.431 -0.483 -0.499 -0.420 -0.344 -0.090  0.109  0.338  0.449  0.475  0.414  0.219 -0.230 -0.549 -0.599 -0.564
 -0.496 -0.448 -0.323 -0.147  0.149  0.232  0.299  0.225  0.180  0.140  0.179  0.111  0.101 -0.113 -0.151 -0.344 -0.377 -0.457 -0.444 -0.360 -0.233 -0.005  0.226  0.303  0.182  0.279  0.566  0.528  0.341  0.544  0.696  0.437  0.322  0.534  0.703  0.846  1.000  0.880  0.762  0.686  0.619  0.532  0.444  0.341  0.140  0.060  0.186  0.212  0.323  0.268  0.279  0.269  0.167  0.054 -0.152 -0.292 -0.369 -0.211 -0.162 -0.329 -0.378 -0.463 -0.504 -0.442 -0.351 -0.102  0.116  0.353  0.453  0.492  0.431  0.235 -0.248 -0.570 -0.616 -0.581
 -0.531 -0.485 -0.362 -0.197  0.127  0.220  0.322  0.253  0.190  0.129  0.163  0.077  0.070 -0.160 -0.175 -0.365 -0.391 -0.468 -0.442 -0.338 -0.203  0.055  0.324  0.385  0.233  0.352  0.645  0.557  0.344  0.523  0.649  0.397  0.273  0.443  0.589  0.703  0.880  1.000  0.866  0.674  0.656  0.590  0.514  0.394  0.191  0.095  0.229  0.269  0.390  0.346  0.356  0.345  0.234  0.121 -0.104 -0.264 -0.351 -0.178 -0.134 -0.317 -0.379 -0.478 -0.540 -0.484 -0.382 -0.123  0.122  0.375  0.471  0.494  0.423  0.179 -0.295 -0.591 -0.635 -0.596
 -0.492 -0.458 -0.338 -0.182  0.120  0.222  0.348  0.283  0.205  0.126  0.153  0.059  0.047 -0.168 -0.179 -0.346 -0.367 -0.425 -0.393 -0.300 -0.182  0.052  0.290  0.317  0.175  0.275  0.542  0.452  0.224  0.411  0.546  0.285  0.171  0.362  0.506  0.620  0.762  0.866  1.000  0.773  0.699  0.670  0.553  0.417  0.201  0.081  0.222  0.257  0.381  0.344  0.341  0.300  0.212  0.130 -0.080 -0.217 -0.289 -0.122 -0.073 -0.248 -0.318 -0.429 -0.494 -0.450 -0.346 -0.108  0.131  0.387  0.497  0.561  0.520  0.263 -0.243 -0.575 -0.643 -0.613
 -0.529 -0.503 -0.346 -0.158  0.176  0.299  0.376  0.297  0.218  0.169  0.183  0.094  0.060 -0.188 -0.224 -0.396 -0.414 -0.473 -0.430 -0.335 -0.202  0.055  0.267  0.307  0.171  0.232  0.475  0.416  0.230  0.413  0.520  0.288  0.190  0.357  0.496  0.609  0.686  0.674  0.773  1.000  0.830  0.752  0.613  0.474  0.234  0.087  0.243  0.284  0.420  0.384  0.372  0.328  0.236  0.154 -0.075 -0.227 -0.303 -0.116 -0.061 -0.255 -0.327 -0.454 -0.521 -0.465 -0.335 -0.064  0.197  0.457  0.606  0.691  0.702  0.469 -0.163 -0.609 -0.694 -0.682
 -0.592 -0.555 -0.381 -0.162  0.225  0.358  0.415  0.317  0.235  0.186  0.218  0.132  0.085 -0.201 -0.241 -0.444 -0.451 -0.527 -0.483 -0.373 -0.224  0.080  0.335  0.409  0.230  0.277  0.569  0.499  0.314  0.500  0.557  0.350  0.293  0.438  0.542  0.621  0.619  0.656  0.699  0.830  1.000  0.769  0.697  0.566  0.316  0.145  0.315  0.365  0.518  0.471  0.461  0.429  0.304  0.197 -0.068 -0.244 -0.352 -0.142 -0.074 -0.300 -0.353 -0.488 -0.566 -0.504 -0.343 -0.038  0.266  0.556  0.709  0.750  0.711  0.371 -0.272 -0.679 -0.758 -0.734
 -0.500 -0.453 -0.271 -0.053  0.294  0.408  0.465  0.340  0.244  0.187  0.245  0.171  0.123 -0.140 -0.205 -0.393 -0.426 -0.491 -0.443 -0.374 -0.274 -0.030  0.224  0.193  0.049  0.194  0.393  0.273  0.131  0.307  0.365  0.166  0.101  0.236  0.341  0.449  0.532  0.590  0.670  0.752  0.769  1.000  0.827  0.640  0.379  0.152  0.316  0.369  0.514  0.462  0.371  0.246  0.135  0.104 -0.121 -0.211 -0.278 -0.109 -0.002 -0.171 -0.232 -0.380 -0.448 -0.372 -0.218  0.066  0.340  0.609  0.728  0.808  0.696  0.449 -0.213 -0.617 -0.698 -0.688
 -0.528 -0.479 -0.275 -0.038  0.334  0.455  0.479  0.336  0.249  0.191  0.266  0.205  0.142 -0.141 -0.228 -0.433 -0.455 -0.537 -0.478 -0.409 -0.304 -0.002  0.314  0.282  0.077  0.235  0.445  0.283  0.140  0.306  0.326  0.147  0.103  0.216  0.292  0.386  0.444  0.514  0.553  0.613  0.697  0.827  1.000  0.838  0.574  0.288  0.458  0.517  0.671  0.616  0.502  0.377  0.217  0.162 -0.102 -0.209 -0.308 -0.105  0.021 -0.184 -0.220 -0.359 -0.441 -0.358 -0.171  0.136  0.448  0.718  0.763  0.744  0.616  0.319 -0.301 -0.670 -0.729 -0.710
 -0.483 -0.448 -0.220 -0.010  0.324  0.448  0.425  0.299  0.218  0.168  0.223  0.174  0.086 -0.179 -0.280 -0.465 -0.445 -0.498 -0.416 -0.365 -0.298 -0.002  0.287  0.243 -0.001  0.135  0.342  0.155  0.007  0.188  0.200  0.031  0.012  0.123  0.180  0.281  0.341  0.394  0.417  0.474  0.566  0.640  0.838  1.000  0.814  0.498  0.660  0.705  0.742  0.628  0.512  0.381  0.240  0.205 -0.052 -0.141 -0.230 -0.031  0.105 -0.087 -0.110 -0.239 -0.338 -0.265 -0.044  0.234  0.542  0.765  0.702  0.646  0.521  0.219 -0.341 -0.653 -0.690 -0.664
 -0.328 -0.301 -0.116  0.014  0.230  0.318  0.253  0.171  0.111  0.084  0.115  0.102  0.018 -0.158 -0.259 -0.396 -0.347 -0.368 -0.270 -0.265 -0.259 -0.027  0.215  0.146 -0.099  0.029  0.179 -0.020 -0.136  0.014  0.005 -0.108 -0.104 -0.027 -0.003  0.082  0.140  0.191  0.201  0.234  0.316  0.379  0.574  0.814  1.000  0.727  0.704  0.707  0.600  0.545  0.430  0.299  0.180  0.180 -0.008 -0.027 -0.108  0.036  0.179  0.051  0.068 -0.018 -0.133 -0.090  0.140  0.314  0.505  0.592  0.468  0.394  0.300  0.069 -0.296 -0.471 -0.490 -0.471
 -0.218 -0.207 -0.067  0.009  0.135  0.193  0.140  0.096  0.063  0.037  0.061  0.051 -0.002 -0.114 -0.183 -0.277 -0.227 -0.239 -0.175 -0.180 -0.194 -0.039  0.135  0.105 -0.093 -0.007  0.115 -0.033 -0.112 -0.004 -0.015 -0.076 -0.069 -0.032 -0.025  0.024  0.060  0.095  0.081  0.087  0.145  0.152  0.288  0.498  0.727  1.000  0.769  0.574  0.391  0.336  0.280  0.217  0.141  0.115 -0.017 -0.031 -0.087  0.009  0.105  0.030  0.043 -0.007 -0.087 -0.070  0.069  0.176  0.330  0.376  0.255  0.166  0.111 -0.059 -0.235 -0.315 -0.314 -0.297
 -0.345 -0.333 -0.147 -0.036  0.181  0.267  0.239  0.173  0.118  0.077  0.108  0.077  0.021 -0.161 -0.238 -0.376 -0.318 -0.344 -0.266 -0.241 -0.220  0.003  0.226  0.200 -0.040  0.054  0.225  0.057 -0.065  0.080  0.084 -0.023 -0.028  0.038  0.070  0.140  0.186  0.229  0.222  0.243  0.315  0.316  0.458  0.660  0.704  0.769  1.000  0.774  0.590  0.451  0.376  0.318  0.223  0.182 -0.009 -0.062 -0.134  0.012  0.121 -0.009 -0.023 -0.116 -0.217 -0.187 -0.013  0.152  0.366  0.497  0.405  0.333  0.258  0.031 -0.298 -0.470 -0.481 -0.454
 -0.407 -0.404 -0.212 -0.099  0.157  0.246  0.215  0.151  0.108  0.083  0.095  0.051 -0.014 -0.216 -0.285 -0.420 -0.363 -0.387 -0.294 -0.236 -0.185  0.090  0.342  0.297  0.040  0.112  0.283  0.113 -0.042  0.082  0.095 -0.026 -0.048  0.023  0.068  0.145  0.212  0.269  0.257  0.284  0.365  0.369  0.517  0.705  0.707  0.574  0.774  1.000  0.813  0.645  0.525  0.443  0.312  0.274  0.053 -0.033 -0.132  0.048  0.167 -0.008 -0.033 -0.154 -0.275 -0.254 -0.064  0.129  0.362  0.480  0.434  0.387  0.317  0.072 -0.322 -0.504 -0.525 -0.500
 -0.515 -0.508 -0.298 -0.151  0.179  0.291  0.289  0.204  0.150  0.116  0.129  0.068 -0.006 -0.256 -0.319 -0.480 -0.430 -0.461 -0.354 -0.258 -0.161  0.176  0.464  0.419  0.154  0.211  0.409  0.244  0.049  0.175  0.201  0.046  0.008  0.099  0.163  0.250  0.323  0.390  0.381  0.420  0.518  0.514  0.671  0.742  0.600  0.391  0.590  0.813  1.000  0.834  0.684  0.573  0.408  0.375  0.113 -0.021 -0.143  0.087  0.202 -0.032 -0.092 -0.266 -0.405 -0.377 -0.169  0.081  0.373  0.544  0.551  0.530  0.442  0.148 -0.352 -0.614 -0.648 -0.621
 -0.491 -0.505 -0.340 -0.240  0.071  0.174  0.184  0.136  0.081  0.045  0.031 -0.034 -0.102 -0.330 -0.366 -0.476 -0.394 -0.397 -0.277 -0.158 -0.048  0.311  0.571  0.497  0.246  0.253  0.406  0.254  0.045  0.121  0.147 -0.000 -0.048  0.027  0.092  0.183  0.268  0.346  0.344  0.384  0.471  0.462  0.616  0.628  0.545  0.336  0.451  0.645  0.834  1.000  0.861  0.695  0.514  0.513  0.248  0.093 -0.048  0.191  0.291  0.040 -0.027 -0.217 -0.390 -0.396 -0.186  0.021  0.303  0.427  0.460  0.447  0.383  0.107 -0.323 -0.535 -0.584 -0.566
 -0.508 -0.564 -0.417 -0.358 -0.027  0.080  0.116  0.110  0.062  0.020 -0.039 -0.133 -0.184 -0.415 -0.402 -0.485 -0.351 -0.334 -0.207 -0.044  0.099  0.485  0.681  0.637  0.401  0.315  0.451  0.344  0.112  0.145  0.183  0.043 -0.018  0.042  0.118  0.200  0.279  0.356  0.341  0.372  0.461  0.371  0.502  0.512  0.430  0.280  0.376  0.525  0.684  0.861  1.000  0.866  0.724  0.693  0.406  0.174  0.017  0.280  0.308  0.023 -0.071 -0.270 -0.456 -0.502 -0.290 -0.102  0.201  0.326  0.388  0.370  0.332  0.045 -0.335 -0.507 -0.558 -0.539
 -0.488 -0.555 -0.454 -0.411 -0.082  0.013  0.074  0.082  0.042 -0.005 -0.062 -0.154 -0.167 -0.383 -0.329 -0.405 -0.264 -0.260 -0.180  0.017  0.215  0.617  0.790  0.798  0.578  0.457  0.568  0.477  0.244  0.242  0.260  0.137  0.073  0.102  0.172  0.225  0.269  0.345  0.300  0.328  0.429  0.246  0.377  0.381  0.299  0.217  0.318  0.443  0.573  0.695  0.866  1.000  0.852  0.717  0.431  0.138 -0.044  0.200  0.153 -0.124 -0.206 -0.362 -0.510 -0.565 -0.401 -0.220  0.075  0.218  0.307  0.267  0.240 -0.034 -0.332 -0.469 -0.510 -0.484
 -0.386 -0.503 -0.441 -0.487 -0.219 -0.147 -0.052  0.005 -0.035 -0.092 -0.205 -0.313 -0.307 -0.470 -0.361 -0.364 -0.166 -0.094  0.012  0.226  0.387  0.712  0.711  0.726  0.573  0.375  0.420  0.384  0.165  0.123  0.152  0.055 -0.014 -0.004  0.063  0.119  0.167  0.234  0.212  0.236  0.304  0.135  0.217  0.240  0.180  0.141  0.223  0.312  0.408  0.514  0.724  0.852  1.000  0.858  0.617  0.314  0.175  0.383  0.260  0.023 -0.093 -0.258 -0.414 -0.523 -0.377 -0.295 -0.033  0.069  0.153  0.132  0.132 -0.090 -0.270 -0.319 -0.363 -0.346
 -0.285 -0.444 -0.394 -0.506 -0.313 -0.243 -0.145 -0.057 -0.103 -0.163 -0.310 -0.415 -0.428 -0.543 -0.433 -0.354 -0.105  0.032  0.195  0.397  0.502  0.755  0.660  0.574  0.452  0.237  0.220  0.183 -0.024 -0.078 -0.038 -0.127 -0.188 -0.172 -0.111 -0.028  0.054  0.121  0.130  0.154  0.197  0.104  0.162  0.205  0.180  0.115  0.182  0.274  0.375  0.513  0.693  0.717  0.858  1.000  0.823  0.550  0.428  0.621  0.478  0.260  0.119 -0.087 -0.267 -0.414 -0.256 -0.267 -0.053  0.001  0.064  0.077  0.094 -0.087 -0.208 -0.216 -0.269 -0.265
 -0.014 -0.205 -0.249 -0.464 -0.443 -0.418 -0.319 -0.188 -0.215 -0.263 -0.428 -0.502 -0.495 -0.481 -0.346 -0.145  0.133  0.322  0.491  0.651  0.674  0.707  0.466  0.348  0.331  0.063 -0.040 -0.029 -0.188 -0.292 -0.252 -0.284 -0.330 -0.340 -0.302 -0.234 -0.152 -0.104 -0.080 -0.075 -0.068 -0.121 -0.102 -0.052 -0.008 -0.017 -0.009  0.053  0.113  0.248  0.406  0.431  0.617  0.823  1.000  0.804  0.687  0.754  0.554  0.443  0.314  0.126 -0.024 -0.210 -0.110 -0.275 -0.203 -0.233 -0.195 -0.151 -0.098 -0.148 -0.062  0.049  0.004 -0.006
  0.175  0.020 -0.058 -0.292 -0.416 -0.413 -0.377 -0.261 -0.270 -0.276 -0.415 -0.435 -0.448 -0.346 -0.261 -0.034  0.214  0.415  0.618  0.638  0.544  0.452  0.226  0.051  0.069 -0.115 -0.266 -0.272 -0.356 -0.446 -0.423 -0.421 -0.433 -0.444 -0.436 -0.374 -0.292 -0.264 -0.217 -0.227 -0.244 -0.211 -0.209 -0.141 -0.027 -0.031 -0.062 -0.033 -0.021  0.093  0.174  0.138  0.314  0.550  0.804  1.000  0.839  0.760  0.671  0.659  0.600  0.393  0.243  0.058  0.136 -0.122 -0.186 -0.278 -0.310 -0.239 -0.178 -0.144  0.037  0.189  0.150  0.130
  0.278  0.104  0.018 -0.252 -0.453 -0.467 -0.423 -0.292 -0.297 -0.311 -0.463 -0.481 -0.492 -0.340 -0.248  0.025  0.245  0.484  0.687  0.694  0.513  0.340  0.045 -0.121 -0.056 -0.236 -0.422 -0.397 -0.431 -0.528 -0.502 -0.468 -0.468 -0.487 -0.494 -0.441 -0.369 -0.351 -0.289 -0.303 -0.352 -0.278 -0.308 -0.230 -0.108 -0.087 -0.134 -0.132 -0.143 -0.048  0.017 -0.044  0.175  0.428  0.687  0.839  1.000  0.853  0.691  0.759  0.617  0.456  0.349  0.167  0.198 -0.100 -0.216 -0.351 -0.398 -0.322 -0.239 -0.147  0.109  0.316  0.296  0.271
  0.045 -0.137 -0.105 -0.323 -0.399 -0.367 -0.311 -0.196 -0.214 -0.247 -0.413 -0.470 -0.508 -0.462 -0.383 -0.185  0.044  0.268  0.501  0.563  0.428  0.417  0.208  0.060  0.037 -0.141 -0.246 -0.252 -0.347 -0.409 -0.367 -0.385 -0.406 -0.400 -0.375 -0.300 -0.211 -0.178 -0.122 -0.116 -0.142 -0.109 -0.105 -0.031  0.036  0.009  0.012  0.048  0.087  0.191  0.280  0.200  0.383  0.621  0.754  0.760  0.853  1.000  0.840  0.732  0.522  0.309  0.165 -0.004  0.093 -0.097 -0.103 -0.187 -0.211 -0.147 -0.081 -0.116 -0.016  0.091  0.073  0.060
 -0.010 -0.139 -0.039 -0.201 -0.265 -0.223 -0.213 -0.149 -0.160 -0.167 -0.305 -0.340 -0.411 -0.393 -0.383 -0.262 -0.071  0.109  0.342  0.365  0.208  0.226  0.144 -0.016 -0.100 -0.178 -0.229 -0.288 -0.371 -0.377 -0.343 -0.381 -0.385 -0.355 -0.336 -0.255 -0.162 -0.134 -0.073 -0.061 -0.074 -0.002  0.021  0.105  0.179  0.105  0.121  0.167  0.202  0.291  0.308  0.153  0.260  0.478  0.554  0.671  0.691  0.840  1.000  0.822  0.674  0.399  0.217  0.072  0.206  0.044  0.040 -0.035 -0.093 -0.031  0.010 -0.060 -0.061 -0.013 -0.031 -0.040
  0.228  0.109  0.113 -0.099 -0.306 -0.307 -0.317 -0.229 -0.235 -0.226 -0.354 -0.344 -0.401 -0.274 -0.260 -0.082  0.070  0.271  0.468  0.426  0.210  0.100 -0.068 -0.252 -0.243 -0.295 -0.439 -0.469 -0.468 -0.505 -0.493 -0.473 -0.451 -0.447 -0.462 -0.406 -0.329 -0.317 -0.248 -0.255 -0.300 -0.171 -0.184 -0.087  0.051  0.030 -0.009 -0.008 -0.032  0.040  0.023 -0.124  0.023  0.260  0.443  0.659  0.759  0.732  0.822  1.000  0.833  0.593  0.443  0.290  0.349  0.086 -0.041 -0.183 -0.278 -0.215 -0.157 -0.099  0.065  0.216  0.209  0.193
  0.308  0.248  0.205  0.004 -0.244 -0.271 -0.330 -0.261 -0.260 -0.213 -0.314 -0.260 -0.319 -0.157 -0.149  0.021  0.134  0.284  0.426  0.337  0.137 -0.008 -0.151 -0.320 -0.304 -0.329 -0.472 -0.507 -0.479 -0.505 -0.514 -0.474 -0.428 -0.434 -0.472 -0.431 -0.378 -0.379 -0.318 -0.327 -0.353 -0.232 -0.220 -0.110  0.068  0.043 -0.023 -0.033 -0.092 -0.027 -0.071 -0.206 -0.093  0.119  0.314  0.600  0.617  0.522  0.674  0.833  1.000  0.799  0.597  0.425  0.506  0.181 -0.001 -0.170 -0.296 -0.240 -0.191 -0.104  0.096  0.258  0.246  0.227
  0.506  0.456  0.355  0.113 -0.230 -0.297 -0.373 -0.295 -0.284 -0.232 -0.309 -0.215 -0.249 -0.006  0.013  0.218  0.265  0.369  0.418  0.277  0.084 -0.138 -0.300 -0.431 -0.366 -0.381 -0.548 -0.559 -0.473 -0.517 -0.546 -0.462 -0.395 -0.425 -0.492 -0.483 -0.463 -0.478 -0.429 -0.454 -0.488 -0.380 -0.359 -0.239 -0.018 -0.007 -0.116 -0.154 -0.266 -0.217 -0.270 -0.362 -0.258 -0.087  0.126  0.393  0.456  0.309  0.399  0.593  0.799  1.000  0.804  0.602  0.608  0.233 -0.053 -0.262 -0.402 -0.366 -0.307 -0.142  0.171  0.400  0.405  0.385
  0.683  0.635  0.536  0.286 -0.171 -0.274 -0.374 -0.308 -0.297 -0.231 -0.271 -0.135 -0.142  0.180  0.212  0.441  0.423  0.455  0.405  0.234  0.058 -0.238 -0.423 -0.525 -0.410 -0.417 -0.599 -0.590 -0.467 -0.516 -0.557 -0.454 -0.371 -0.406 -0.489 -0.499 -0.504 -0.540 -0.494 -0.521 -0.566 -0.448 -0.441 -0.338 -0.133 -0.087 -0.217 -0.275 -0.405 -0.390 -0.456 -0.510 -0.414 -0.267 -0.024  0.243  0.349  0.165  0.217  0.443  0.597  0.804  1.000  0.838  0.660  0.306 -0.061 -0.303 -0.453 -0.423 -0.370 -0.138  0.232  0.469  0.496  0.474
  0.594  0.661  0.628  0.502  0.041 -0.072 -0.236 -0.234 -0.214 -0.130 -0.096  0.065  0.046  0.346  0.306  0.419  0.311  0.289  0.232  0.035 -0.129 -0.399 -0.499 -0.585 -0.492 -0.414 -0.548 -0.565 -0.406 -0.410 -0.472 -0.376 -0.276 -0.302 -0.396 -0.420 -0.442 -0.484 -0.450 -0.465 -0.504 -0.372 -0.358 -0.265 -0.090 -0.070 -0.187 -0.254 -0.377 -0.396 -0.502 -0.565 -0.523 -0.414 -0.210  0.058  0.167 -0.004  0.072  0.290  0.425  0.602  0.838  1.000  0.797  0.503  0.100 -0.163 -0.336 -0.323 -0.297 -0.081  0.212  0.378  0.422  0.400
  0.366  0.422  0.510  0.474  0.156  0.079 -0.123 -0.158 -0.140 -0.053 -0.036  0.097  0.020  0.204  0.116  0.139  0.116  0.126  0.162 -0.014 -0.181 -0.348 -0.384 -0.493 -0.490 -0.390 -0.461 -0.534 -0.421 -0.367 -0.427 -0.378 -0.277 -0.273 -0.356 -0.344 -0.351 -0.382 -0.346 -0.335 -0.343 -0.218 -0.171 -0.044  0.140  0.069 -0.013 -0.064 -0.169 -0.186 -0.290 -0.401 -0.377 -0.256 -0.110  0.136  0.198  0.093  0.206  0.349  0.506  0.608  0.660  0.797  1.000  0.700  0.338  0.054 -0.150 -0.151 -0.147 -0.043  0.099  0.193  0.208  0.190
  0.071  0.168  0.418  0.628  0.492  0.456  0.198  0.036  0.065  0.155  0.248  0.336  0.234  0.265  0.108 -0.020 -0.098 -0.178 -0.150 -0.296 -0.381 -0.400 -0.275 -0.333 -0.425 -0.251 -0.190 -0.312 -0.235 -0.099 -0.159 -0.178 -0.093 -0.055 -0.112 -0.090 -0.102 -0.123 -0.108 -0.064 -0.038  0.066  0.136  0.234  0.314  0.176  0.152  0.129  0.081  0.021 -0.102 -0.220 -0.295 -0.267 -0.275 -0.122 -0.100 -0.097  0.044  0.086  0.181  0.233  0.306  0.503  0.700  1.000  0.717  0.398  0.192  0.142  0.083  0.063 -0.056 -0.145 -0.129 -0.130
 -0.232 -0.137  0.179  0.454  0.619  0.600  0.385  0.196  0.178  0.223  0.300  0.326  0.231  0.086 -0.039 -0.246 -0.294 -0.375 -0.330 -0.378 -0.379 -0.244 -0.035 -0.059 -0.239 -0.084  0.080 -0.069 -0.097  0.079  0.045 -0.044  0.004  0.073  0.061  0.109  0.116  0.122  0.131  0.197  0.266  0.340  0.448  0.542  0.505  0.330  0.366  0.362  0.373  0.303  0.201  0.075 -0.033 -0.053 -0.203 -0.186 -0.216 -0.103  0.040 -0.041 -0.001 -0.053 -0.061  0.100  0.338  0.717  1.000  0.720  0.528  0.424  0.313  0.135 -0.220 -0.433 -0.438 -0.424
 -0.453 -0.353 -0.095  0.213  0.557  0.679  0.613  0.424  0.332  0.280  0.388  0.364  0.266 -0.006 -0.151 -0.389 -0.444 -0.539 -0.490 -0.488 -0.423 -0.180  0.116  0.116 -0.102  0.068  0.303  0.138  0.051  0.270  0.259  0.103  0.117  0.232  0.265  0.338  0.353  0.375  0.387  0.457  0.556  0.609  0.718  0.765  0.592  0.376  0.497  0.480  0.544  0.427  0.326  0.218  0.069  0.001 -0.233 -0.278 -0.351 -0.187 -0.035 -0.183 -0.170 -0.262 -0.303 -0.163  0.054  0.398  0.720  1.000  0.849  0.695  0.523  0.212 -0.335 -0.662 -0.675 -0.647
 -0.533 -0.449 -0.225  0.078  0.504  0.630  0.616  0.425  0.323  0.269  0.380  0.327  0.260 -0.051 -0.167 -0.411 -0.467 -0.564 -0.527 -0.479 -0.360 -0.081  0.208  0.238  0.040  0.167  0.417  0.293  0.173  0.374  0.384  0.211  0.199  0.320  0.385  0.449  0.453  0.471  0.497  0.606  0.709  0.728  0.763  0.702  0.468  0.255  0.405  0.434  0.551  0.460  0.388  0.307  0.153  0.064 -0.195 -0.310 -0.398 -0.211 -0.093 -0.278 -0.296 -0.402 -0.453 -0.336 -0.150  0.192  0.528  0.849  1.000  0.846  0.674  0.324 -0.297 -0.694 -0.738 -0.716
 -0.499 -0.430 -0.227  0.036  0.393  0.518  0.492  0.335  0.251  0.236  0.314  0.269  0.196 -0.079 -0.186 -0.395 -0.440 -0.519 -0.474 -0.424 -0.313 -0.057  0.193  0.191  0.028  0.129  0.354  0.245  0.105  0.314  0.349  0.152  0.136  0.294  0.378  0.475  0.492  0.494  0.561  0.691  0.750  0.808  0.744  0.646  0.394  0.166  0.333  0.387  0.530  0.447  0.370  0.267  0.132  0.077 -0.151 -0.239 -0.322 -0.147 -0.031 -0.215 -0.240 -0.366 -0.423 -0.323 -0.151  0.142  0.424  0.695  0.846  1.000  0.832  0.494 -0.206 -0.659 -0.726 -0.711
 -0.434 -0.395 -0.229 -0.035  0.252  0.373  0.348  0.255  0.177  0.192  0.202  0.156  0.082 -0.139 -0.218 -0.373 -0.396 -0.441 -0.380 -0.333 -0.252 -0.036  0.167  0.165  0.019  0.084  0.293  0.212  0.072  0.249  0.297  0.121  0.098  0.241  0.329  0.414  0.431  0.423  0.520  0.702  0.711  0.696  0.616  0.521  0.300  0.111  0.258  0.317  0.442  0.383  0.332  0.240  0.132  0.094 -0.098 -0.178 -0.239 -0.081  0.010 -0.157 -0.191 -0.307 -0.370 -0.297 -0.147  0.083  0.313  0.523  0.674  0.832  1.000  0.686 -0.002 -0.543 -0.649 -0.656
 -0.146 -0.117 -0.052  0.042  0.143  0.188  0.155  0.088  0.044  0.101  0.101  0.104  0.072  0.005 -0.048 -0.115 -0.161 -0.201 -0.196 -0.203 -0.171 -0.123 -0.037 -0.067 -0.095 -0.036  0.046  0.017 -0.025  0.078  0.109  0.014  0.007  0.096  0.155  0.219  0.235  0.179  0.263  0.469  0.371  0.449  0.319  0.219  0.069 -0.059  0.031  0.072  0.148  0.107  0.045 -0.034 -0.090 -0.087 -0.148 -0.144 -0.147 -0.116 -0.060 -0.099 -0.104 -0.142 -0.138 -0.081 -0.043  0.063  0.135  0.212  0.324  0.494  0.686  1.000  0.315 -0.160 -0.342 -0.409
  0.287  0.275  0.131  0.031 -0.153 -0.219 -0.277 -0.286 -0.256 -0.142 -0.161 -0.094 -0.059  0.084  0.110  0.215  0.201  0.235  0.198  0.142  0.061 -0.125 -0.272 -0.290 -0.162 -0.192 -0.325 -0.249 -0.141 -0.220 -0.232 -0.136 -0.126 -0.186 -0.197 -0.230 -0.248 -0.295 -0.243 -0.163 -0.272 -0.213 -0.301 -0.341 -0.296 -0.235 -0.298 -0.322 -0.352 -0.323 -0.335 -0.332 -0.270 -0.208 -0.062  0.037  0.109 -0.016 -0.061  0.065  0.096  0.171  0.232  0.212  0.099 -0.056 -0.220 -0.335 -0.297 -0.206 -0.002  0.315  1.000  0.515  0.301  0.188
  0.537  0.494  0.211 -0.031 -0.395 -0.520 -0.543 -0.439 -0.400 -0.328 -0.390 -0.303 -0.235  0.053  0.146  0.388  0.404  0.514  0.464  0.388  0.245 -0.076 -0.376 -0.412 -0.186 -0.290 -0.567 -0.438 -0.263 -0.465 -0.509 -0.310 -0.276 -0.414 -0.484 -0.549 -0.570 -0.591 -0.575 -0.609 -0.679 -0.617 -0.670 -0.653 -0.471 -0.315 -0.470 -0.504 -0.614 -0.535 -0.507 -0.469 -0.319 -0.216  0.049  0.189  0.316  0.091 -0.013  0.216  0.258  0.400  0.469  0.378  0.193 -0.145 -0.433 -0.662 -0.694 -0.659 -0.543 -0.160  0.515  1.000  0.845  0.699
  0.549  0.510  0.254  0.012 -0.397 -0.517 -0.551 -0.431 -0.391 -0.333 -0.378 -0.281 -0.220  0.083  0.167  0.411  0.385  0.495  0.445  0.360  0.204 -0.127 -0.430 -0.450 -0.218 -0.323 -0.599 -0.466 -0.281 -0.494 -0.542 -0.323 -0.285 -0.434 -0.520 -0.599 -0.616 -0.635 -0.643 -0.694 -0.758 -0.698 -0.729 -0.690 -0.490 -0.314 -0.481 -0.525 -0.648 -0.584 -0.558 -0.510 -0.363 -0.269  0.004  0.150  0.296  0.073 -0.031  0.209  0.246  0.405  0.496  0.422  0.208 -0.129 -0.438 -0.675 -0.738 -0.726 -0.649 -0.342  0.301  0.845  1.000  0.914
  0.518  0.478  0.242  0.011 -0.384 -0.499 -0.525 -0.394 -0.355 -0.323 -0.360 -0.268 -0.210  0.081  0.163  0.396  0.365  0.471  0.418  0.338  0.188 -0.126 -0.417 -0.430 -0.207 -0.305 -0.561 -0.433 -0.258 -0.460 -0.504 -0.292 -0.255 -0.400 -0.482 -0.564 -0.581 -0.596 -0.613 -0.682 -0.734 -0.688 -0.710 -0.664 -0.471 -0.297 -0.454 -0.500 -0.621 -0.566 -0.539 -0.484 -0.346 -0.265 -0.006  0.130  0.271  0.060 -0.040  0.193  0.227  0.385  0.474  0.400  0.190 -0.130 -0.424 -0.647 -0.716 -0.711 -0.656 -0.409  0.188  0.699  0.914  1.000
