  1.000  0.810  0.570  0.242 -0.211 -0.320 -0.366 -0.316 -0.341 -0.042 -0.137 -0.109 -0.062  0.256  0.346  0.651  0.645  0.643  0.489  0.334  0.234 -0.157 -0.394 -0.444 -0.296 -0.358 -0.523 -0.489 -0.420 -0.488 -0.509 -0.420 -0.341 -0.362 -0.437 -0.461 -0.475 -0.496 -0.428 -0.473 -0.547 -0.461 -0.506 -0.475 -0.357 -0.278 -0.351 -0.383 -0.503 -0.515 -0.540 -0.508 -0.410 -0.316 -0.041  0.159  0.258  0.028 -0.009  0.219  0.300  0.486  0.655  0.563  0.335  0.057 -0.239 -0.410 -0.494 -0.446 -0.316 -0.104  0.160  0.526  0.557  0.527
  0.810  1.000  0.769  0.469  0.008 -0.132 -0.250 -0.279 -0.294  0.022 -0.024  0.065  0.116  0.433  0.510  0.654  0.496  0.459  0.311  0.136  0.029 -0.334 -0.479 -0.509 -0.382 -0.365 -0.486 -0.473 -0.369 -0.390 -0.436 -0.355 -0.255 -0.264 -0.354 -0.387 -0.433 -0.463 -0.401 -0.425 -0.477 -0.395 -0.425 -0.375 -0.262 -0.216 -0.285 -0.311 -0.438 -0.492 -0.573 -0.568 -0.527 -0.469 -0.229  0.018  0.107 -0.121 -0.088  0.147  0.277  0.463  0.665  0.682  0.437  0.222 -0.074 -0.267 -0.377 -0.348 -0.259 -0.062  0.155  0.413  0.442  0.419
  0.570  0.769  1.000  0.668  0.223  0.074 -0.110 -0.174 -0.210 -0.011  0.034  0.170  0.228  0.506  0.529  0.472  0.369  0.272  0.162 -0.011 -0.098 -0.385 -0.440 -0.457 -0.415 -0.348 -0.400 -0.424 -0.326 -0.301 -0.358 -0.303 -0.198 -0.199 -0.293 -0.316 -0.369 -0.389 -0.335 -0.334 -0.353 -0.282 -0.280 -0.210 -0.104 -0.106 -0.158 -0.175 -0.285 -0.348 -0.442 -0.472 -0.468 -0.430 -0.266 -0.035  0.022 -0.131 -0.040  0.128  0.267  0.399  0.546  0.619  0.524  0.397  0.148 -0.072 -0.204 -0.209 -0.152 -0.037  0.109  0.243  0.260  0.241
  0.242  0.469  0.668  1.000  0.661  0.497  0.198  0.003  0.018  0.150  0.314  0.507  0.514  0.621  0.460  0.271  0.084 -0.067 -0.157 -0.336 -0.378 -0.514 -0.391 -0.371 -0.378 -0.233 -0.193 -0.253 -0.142 -0.036 -0.116 -0.107  0.004  0.030 -0.064 -0.088 -0.182 -0.206 -0.170 -0.125 -0.083 -0.044 -0.001  0.076  0.115  0.039  0.012  0.022 -0.053 -0.173 -0.328 -0.385 -0.491 -0.522 -0.474 -0.262 -0.254 -0.341 -0.190 -0.084  0.057  0.156  0.310  0.520  0.527  0.662  0.480  0.277  0.130  0.072  0.017  0.053  0.050 -0.072 -0.081 -0.088
 -0.211  0.008  0.223  0.661  1.000  0.818  0.511  0.261  0.247  0.194  0.420  0.584  0.616  0.420  0.269 -0.037 -0.205 -0.378 -0.433 -0.511 -0.463 -0.353 -0.102 -0.037 -0.128  0.031  0.168  0.094  0.145  0.283  0.218  0.167  0.223  0.248  0.212  0.203  0.117  0.105  0.093  0.175  0.276  0.261  0.341  0.384  0.317  0.187  0.215  0.251  0.261  0.141  0.020 -0.028 -0.192 -0.303 -0.437 -0.397 -0.457 -0.413 -0.269 -0.302 -0.217 -0.207 -0.143  0.066  0.180  0.492  0.640  0.574  0.511  0.377  0.208  0.086 -0.071 -0.422 -0.467 -0.459
 -0.320 -0.132  0.074  0.497  0.818  1.000  0.659  0.434  0.387  0.176  0.398  0.535  0.499  0.280  0.112 -0.157 -0.295 -0.451 -0.464 -0.526 -0.459 -0.294 -0.033  0.016 -0.091  0.057  0.202  0.113  0.145  0.291  0.233  0.162  0.210  0.251  0.224  0.238  0.169  0.169  0.168  0.261  0.378  0.357  0.429  0.472  0.382  0.227  0.263  0.292  0.323  0.219  0.111  0.050 -0.113 -0.214 -0.381 -0.363 -0.440 -0.358 -0.209 -0.282 -0.213 -0.237 -0.212 -0.017  0.138  0.480  0.632  0.676  0.618  0.483  0.298  0.124 -0.087 -0.511 -0.560 -0.552
 -0.366 -0.250 -0.110  0.198  0.511  0.659  1.000  0.759  0.615  0.040  0.256  0.324  0.338  0.131  0.002 -0.200 -0.295 -0.400 -0.402 -0.415 -0.319 -0.160  0.048  0.104  0.012  0.113  0.247  0.187  0.165  0.256  0.237  0.160  0.138  0.159  0.192  0.220  0.212  0.278  0.287  0.311  0.433  0.432  0.451  0.443  0.320  0.185  0.236  0.221  0.261  0.191  0.119  0.090 -0.015 -0.108 -0.271 -0.312 -0.380 -0.289 -0.193 -0.293 -0.266 -0.290 -0.310 -0.201 -0.080  0.182  0.376  0.595  0.557  0.434  0.217  0.042 -0.204 -0.509 -0.522 -0.501
 -0.316 -0.279 -0.174  0.003  0.261  0.434  0.759  1.000  0.737 -0.020  0.140  0.075  0.049 -0.110 -0.159 -0.253 -0.260 -0.280 -0.236 -0.221 -0.161 -0.030  0.071  0.089 -0.007  0.034  0.136  0.078  0.026  0.099  0.107  0.031  0.013  0.043  0.084  0.149  0.167  0.227  0.237  0.259  0.354  0.355  0.360  0.363  0.263  0.148  0.198  0.166  0.196  0.173  0.154  0.124  0.096  0.065 -0.064 -0.127 -0.168 -0.069 -0.017 -0.116 -0.126 -0.175 -0.252 -0.211 -0.071  0.089  0.278  0.486  0.448  0.336  0.221  0.034 -0.159 -0.438 -0.453 -0.436
 -0.341 -0.294 -0.210  0.018  0.247  0.387  0.615  0.737  1.000  0.213  0.324  0.269  0.179  0.007 -0.092 -0.212 -0.257 -0.327 -0.305 -0.286 -0.208 -0.057  0.091  0.130  0.050  0.105  0.210  0.157  0.108  0.166  0.168  0.096  0.064  0.085  0.131  0.172  0.194  0.268  0.286  0.259  0.355  0.363  0.352  0.329  0.229  0.136  0.176  0.168  0.218  0.175  0.136  0.118  0.053 -0.006 -0.145 -0.213 -0.269 -0.169 -0.120 -0.215 -0.228 -0.255 -0.301 -0.246 -0.134  0.053  0.206  0.407  0.396  0.294  0.133  0.010 -0.220 -0.464 -0.462 -0.440
 -0.042  0.022 -0.011  0.150  0.194  0.176  0.040 -0.020  0.213  1.000  0.632  0.413  0.263  0.200  0.118  0.060 -0.043 -0.120 -0.185 -0.219 -0.196 -0.189 -0.113 -0.066 -0.025  0.023  0.041  0.042  0.095  0.122  0.090  0.091  0.132  0.145  0.099  0.046  0.004  0.006  0.001 -0.040 -0.021 -0.038 -0.009 -0.026 -0.060 -0.057 -0.066  0.007  0.026 -0.057 -0.107 -0.093 -0.181 -0.250 -0.271 -0.249 -0.250 -0.285 -0.259 -0.233 -0.204 -0.146 -0.072 -0.002 -0.058  0.064  0.010 -0.026 -0.009 -0.025 -0.072  0.004 -0.036 -0.084 -0.104 -0.111
 -0.137 -0.024  0.034  0.314  0.420  0.398  0.256  0.140  0.324  0.632  1.000  0.749  0.575  0.394  0.202  0.025 -0.118 -0.258 -0.309 -0.368 -0.336 -0.286 -0.107 -0.061 -0.094  0.019  0.098  0.057  0.118  0.206  0.158  0.144  0.207  0.246  0.195  0.140  0.065  0.062  0.038  0.038  0.093  0.079  0.138  0.127  0.082  0.040  0.055  0.100  0.128  0.022 -0.069 -0.072 -0.215 -0.307 -0.373 -0.331 -0.367 -0.371 -0.290 -0.285 -0.237 -0.205 -0.134  0.002  0.005  0.193  0.181  0.191  0.179  0.113  0.012  0.022 -0.093 -0.255 -0.287 -0.286
 -0.109  0.065  0.170  0.507  0.584  0.535  0.324  0.075  0.269  0.413  0.749  1.000  0.795  0.611  0.356  0.110 -0.092 -0.288 -0.371 -0.460 -0.404 -0.379 -0.153 -0.083 -0.108  0.026  0.116  0.074  0.150  0.240  0.174  0.160  0.220  0.249  0.195  0.139  0.056  0.051  0.034  0.061  0.125  0.101  0.155  0.151  0.115  0.047  0.062  0.103  0.110 -0.013 -0.142 -0.145 -0.322 -0.440 -0.498 -0.415 -0.474 -0.499 -0.382 -0.363 -0.270 -0.203 -0.101  0.081  0.082  0.290  0.256  0.270  0.223  0.149  0.002  0.033 -0.125 -0.251 -0.274 -0.268
 -0.062  0.116  0.228  0.514  0.616  0.499  0.338  0.049  0.179  0.263  0.575  0.795  1.000  0.768  0.514  0.222  0.012 -0.220 -0.339 -0.417 -0.337 -0.322 -0.114 -0.025 -0.048  0.073  0.158  0.129  0.186  0.251  0.190  0.179  0.222  0.232  0.198  0.137  0.061  0.060  0.037  0.039  0.111  0.080  0.131  0.117  0.084  0.046  0.052  0.084  0.083 -0.030 -0.142 -0.116 -0.279 -0.416 -0.473 -0.421 -0.483 -0.519 -0.421 -0.402 -0.310 -0.235 -0.121  0.055  0.030  0.220  0.214  0.232  0.212  0.133 -0.030  0.000 -0.154 -0.240 -0.252 -0.243
  0.256  0.433  0.506  0.621  0.420  0.280  0.131 -0.110  0.007  0.200  0.394  0.611  0.768  1.000  0.750  0.492  0.261  0.033 -0.121 -0.255 -0.228 -0.380 -0.270 -0.206 -0.176 -0.076 -0.061 -0.083 -0.004  0.025 -0.043 -0.027  0.041  0.051 -0.012 -0.068 -0.136 -0.137 -0.125 -0.147 -0.118 -0.118 -0.102 -0.109 -0.078 -0.076 -0.104 -0.090 -0.144 -0.248 -0.363 -0.322 -0.437 -0.532 -0.469 -0.327 -0.342 -0.472 -0.388 -0.278 -0.149 -0.009  0.161  0.314  0.200  0.263  0.086  0.016 -0.040 -0.072 -0.152 -0.017 -0.067  0.010  0.025  0.022
  0.346  0.510  0.529  0.460  0.269  0.112  0.002 -0.159 -0.092  0.118  0.202  0.356  0.514  0.750  1.000  0.679  0.433  0.198  0.001 -0.099 -0.049 -0.223 -0.197 -0.135 -0.090 -0.026 -0.052 -0.067 -0.012 -0.014 -0.082 -0.062 -0.002 -0.016 -0.070 -0.110 -0.165 -0.158 -0.148 -0.186 -0.164 -0.187 -0.187 -0.207 -0.177 -0.127 -0.159 -0.159 -0.215 -0.291 -0.343 -0.258 -0.316 -0.409 -0.328 -0.236 -0.254 -0.394 -0.364 -0.252 -0.133  0.014  0.202  0.283  0.117  0.116 -0.027 -0.112 -0.141 -0.158 -0.196 -0.059 -0.051  0.077  0.105  0.108
  0.651  0.654  0.472  0.271 -0.037 -0.157 -0.200 -0.253 -0.212  0.060  0.025  0.110  0.222  0.492  0.679  1.000  0.732  0.525  0.314  0.210  0.210 -0.110 -0.251 -0.238 -0.129 -0.171 -0.264 -0.248 -0.215 -0.265 -0.302 -0.252 -0.193 -0.211 -0.268 -0.297 -0.323 -0.324 -0.286 -0.333 -0.363 -0.351 -0.388 -0.410 -0.359 -0.265 -0.315 -0.326 -0.400 -0.434 -0.451 -0.362 -0.335 -0.337 -0.131 -0.022  0.017 -0.195 -0.252 -0.088  0.008  0.186  0.393  0.360  0.108 -0.031 -0.247 -0.343 -0.364 -0.335 -0.295 -0.088  0.026  0.332  0.363  0.349
  0.645  0.496  0.369  0.084 -0.205 -0.295 -0.295 -0.260 -0.257 -0.043 -0.118 -0.092  0.012  0.261  0.433  0.732  1.000  0.783  0.508  0.412  0.459  0.101 -0.128 -0.132 -0.038 -0.168 -0.274 -0.243 -0.262 -0.348 -0.351 -0.305 -0.275 -0.298 -0.329 -0.343 -0.337 -0.338 -0.298 -0.348 -0.388 -0.379 -0.419 -0.442 -0.392 -0.275 -0.316 -0.337 -0.401 -0.393 -0.345 -0.241 -0.150 -0.112  0.110  0.167  0.188 -0.000 -0.109  0.016  0.063  0.186  0.341  0.241  0.044 -0.144 -0.328 -0.417 -0.420 -0.376 -0.299 -0.133  0.035  0.377  0.399  0.377
  0.643  0.459  0.272 -0.067 -0.378 -0.451 -0.400 -0.280 -0.327 -0.120 -0.258 -0.288 -0.220  0.033  0.198  0.525  0.783  1.000  0.757  0.644  0.594  0.183 -0.159 -0.200 -0.054 -0.245 -0.415 -0.348 -0.363 -0.478 -0.461 -0.388 -0.360 -0.396 -0.428 -0.432 -0.412 -0.420 -0.366 -0.414 -0.488 -0.446 -0.511 -0.518 -0.440 -0.314 -0.364 -0.408 -0.483 -0.447 -0.371 -0.284 -0.112 -0.000  0.289  0.369  0.442  0.242  0.098  0.241  0.228  0.304  0.399  0.249  0.064 -0.206 -0.398 -0.511 -0.524 -0.460 -0.327 -0.155  0.097  0.492  0.527  0.506
  0.489  0.311  0.162 -0.157 -0.433 -0.464 -0.402 -0.236 -0.305 -0.185 -0.309 -0.371 -0.339 -0.121  0.001  0.314  0.508  0.757  1.000  0.766  0.557  0.186 -0.150 -0.235 -0.124 -0.298 -0.459 -0.401 -0.406 -0.510 -0.488 -0.410 -0.382 -0.412 -0.442 -0.437 -0.408 -0.418 -0.356 -0.385 -0.470 -0.406 -0.471 -0.454 -0.356 -0.266 -0.311 -0.362 -0.424 -0.374 -0.292 -0.257 -0.055  0.121  0.435  0.578  0.656  0.464  0.317  0.440  0.390  0.380  0.374  0.223  0.133 -0.156 -0.345 -0.455 -0.486 -0.418 -0.264 -0.149  0.110  0.461  0.491  0.469
  0.334  0.136 -0.011 -0.336 -0.511 -0.526 -0.415 -0.221 -0.286 -0.219 -0.368 -0.460 -0.417 -0.255 -0.099  0.210  0.412  0.644  0.766  1.000  0.786  0.440  0.062 -0.024  0.077 -0.155 -0.320 -0.247 -0.307 -0.444 -0.406 -0.346 -0.356 -0.396 -0.395 -0.383 -0.329 -0.329 -0.281 -0.320 -0.397 -0.366 -0.428 -0.446 -0.386 -0.283 -0.313 -0.352 -0.371 -0.279 -0.138 -0.064  0.157  0.328  0.603  0.580  0.648  0.516  0.321  0.386  0.289  0.229  0.195  0.015 -0.057 -0.325 -0.420 -0.490 -0.463 -0.395 -0.251 -0.166  0.067  0.427  0.453  0.430
  0.234  0.029 -0.098 -0.378 -0.463 -0.459 -0.319 -0.161 -0.208 -0.196 -0.336 -0.404 -0.337 -0.228 -0.049  0.210  0.459  0.594  0.557  0.786  1.000  0.708  0.323  0.236  0.335  0.062 -0.104 -0.041 -0.151 -0.304 -0.274 -0.249 -0.283 -0.320 -0.298 -0.278 -0.219 -0.202 -0.174 -0.206 -0.252 -0.273 -0.322 -0.378 -0.368 -0.273 -0.283 -0.290 -0.268 -0.157  0.017  0.151  0.328  0.441  0.624  0.474  0.439  0.350  0.136  0.142  0.073  0.037  0.025 -0.138 -0.219 -0.408 -0.433 -0.441 -0.366 -0.303 -0.212 -0.150 -0.003  0.287  0.298  0.286
 -0.157 -0.334 -0.385 -0.514 -0.353 -0.294 -0.160 -0.030 -0.057 -0.189 -0.286 -0.379 -0.322 -0.380 -0.223 -0.110  0.101  0.183  0.186  0.440  0.708  1.000  0.735  0.627  0.658  0.429  0.264  0.284  0.141 -0.002  0.011 -0.018 -0.091 -0.116 -0.059 -0.022  0.046  0.072  0.035  0.037  0.036 -0.042 -0.025 -0.087 -0.143 -0.093 -0.062 -0.029  0.073  0.226  0.439  0.589  0.681  0.717  0.651  0.349  0.227  0.307  0.117 -0.013 -0.115 -0.233 -0.313 -0.439 -0.422 -0.449 -0.289 -0.204 -0.087 -0.062 -0.058 -0.135 -0.099 -0.044 -0.056 -0.044
 -0.394 -0.479 -0.440 -0.391 -0.102 -0.033  0.048  0.071  0.091 -0.113 -0.107 -0.153 -0.114 -0.270 -0.197 -0.251 -0.128 -0.159 -0.150  0.062  0.323  0.735  1.000  0.832  0.682  0.610  0.588  0.512  0.328  0.252  0.255  0.166  0.073  0.075  0.149  0.190  0.261  0.314  0.236  0.233  0.286  0.179  0.258  0.194  0.109  0.097  0.151  0.226  0.370  0.495  0.630  0.759  0.662  0.587  0.373  0.093 -0.088  0.067 -0.003 -0.205 -0.279 -0.402 -0.483 -0.521 -0.438 -0.307 -0.071  0.075  0.182  0.161  0.082 -0.079 -0.182 -0.338 -0.369 -0.343
 -0.444 -0.509 -0.457 -0.371 -0.037  0.016  0.104  0.089  0.130 -0.066 -0.061 -0.083 -0.025 -0.206 -0.135 -0.238 -0.132 -0.200 -0.235 -0.024  0.236  0.627  0.832  1.000  0.816  0.626  0.717  0.696  0.473  0.393  0.414  0.323  0.214  0.197  0.282  0.295  0.330  0.376  0.262  0.262  0.350  0.164  0.245  0.189  0.091  0.124  0.175  0.233  0.353  0.453  0.608  0.778  0.686  0.507  0.266 -0.055 -0.227 -0.061 -0.133 -0.350 -0.408 -0.501 -0.561 -0.586 -0.519 -0.343 -0.072  0.092  0.216  0.164  0.056 -0.102 -0.262 -0.394 -0.412 -0.379
 -0.296 -0.382 -0.415 -0.378 -0.128 -0.091  0.012 -0.007  0.050 -0.025 -0.094 -0.108 -0.048 -0.176 -0.090 -0.129 -0.038 -0.054 -0.124  0.077  0.335  0.658  0.682  0.816  1.000  0.751  0.600  0.672  0.535  0.349  0.338  0.296  0.182  0.136  0.209  0.206  0.242  0.271  0.174  0.166  0.221  0.068  0.102  0.018 -0.085 -0.030  0.003  0.046  0.151  0.246  0.403  0.585  0.546  0.403  0.254 -0.031 -0.166 -0.076 -0.187 -0.333 -0.387 -0.442 -0.460 -0.505 -0.514 -0.399 -0.205 -0.069  0.063  0.045 -0.050 -0.120 -0.219 -0.229 -0.234 -0.205
 -0.358 -0.365 -0.348 -0.233  0.031  0.057  0.113  0.034  0.105  0.023  0.019  0.026  0.073 -0.076 -0.026 -0.171 -0.168 -0.245 -0.298 -0.155  0.062  0.429  0.610  0.626  0.751  1.000  0.750  0.653  0.645  0.534  0.426  0.367  0.268  0.218  0.269  0.266  0.310  0.368  0.257  0.219  0.289  0.187  0.240  0.157  0.054  0.061  0.100  0.134  0.231  0.270  0.330  0.469  0.366  0.211  0.010 -0.194 -0.309 -0.209 -0.239 -0.364 -0.400 -0.446 -0.455 -0.430 -0.413 -0.236 -0.052  0.084  0.170  0.131 -0.005 -0.092 -0.223 -0.329 -0.330 -0.296
 -0.523 -0.486 -0.400 -0.193  0.168  0.202  0.247  0.136  0.210  0.041  0.098  0.116  0.158 -0.061 -0.052 -0.264 -0.274 -0.415 -0.459 -0.320 -0.104  0.264  0.588  0.717  0.600  0.750  1.000  0.853  0.667  0.697  0.688  0.534  0.408  0.416  0.507  0.517  0.548  0.610  0.472  0.411  0.520  0.338  0.404  0.327  0.196  0.188  0.249  0.282  0.396  0.406  0.453  0.570  0.407  0.188 -0.082 -0.317 -0.462 -0.303 -0.287 -0.478 -0.505 -0.560 -0.589 -0.528 -0.454 -0.185  0.079  0.265  0.369  0.303  0.146 -0.012 -0.282 -0.552 -0.570 -0.530
 -0.489 -0.473 -0.424 -0.253  0.094  0.113  0.187  0.078  0.157  0.042  0.057  0.074  0.129 -0.083 -0.067 -0.248 -0.243 -0.348 -0.401 -0.247 -0.041  0.284  0.512  0.696  0.672  0.653  0.853  1.000  0.797  0.691  0.751  0.664  0.493  0.450  0.558  0.518  0.526  0.545  0.406  0.367  0.455  0.255  0.289  0.204  0.063  0.096  0.149  0.176  0.284  0.308  0.398  0.519  0.406  0.197 -0.039 -0.292 -0.417 -0.278 -0.303 -0.481 -0.518 -0.563 -0.585 -0.551 -0.512 -0.281 -0.031  0.142  0.273  0.219  0.076 -0.045 -0.289 -0.461 -0.475 -0.436
 -0.420 -0.369 -0.326 -0.142  0.145  0.145  0.165  0.026  0.108  0.095  0.118  0.150  0.186 -0.004 -0.012 -0.215 -0.262 -0.363 -0.406 -0.307 -0.151  0.141  0.328  0.473  0.535  0.645  0.667  0.797  1.000  0.825  0.711  0.755  0.655  0.518  0.536  0.426  0.360  0.369  0.221  0.220  0.331  0.160  0.202  0.139  0.031  0.069  0.102  0.120  0.188  0.185  0.241  0.346  0.242  0.053 -0.154 -0.336 -0.424 -0.319 -0.325 -0.443 -0.464 -0.483 -0.477 -0.412 -0.395 -0.180 -0.004  0.115  0.200  0.130 -0.019 -0.104 -0.275 -0.361 -0.363 -0.324
 -0.488 -0.390 -0.301 -0.036  0.283  0.291  0.256  0.099  0.166  0.122  0.206  0.240  0.251  0.025 -0.014 -0.265 -0.348 -0.478 -0.510 -0.444 -0.304 -0.002  0.252  0.393  0.349  0.534  0.697  0.691  0.825  1.000  0.860  0.771  0.740  0.710  0.701  0.638  0.517  0.499  0.366  0.375  0.491  0.296  0.333  0.291  0.174  0.172  0.222  0.231  0.299  0.244  0.249  0.322  0.179 -0.022 -0.263 -0.413 -0.504 -0.378 -0.330 -0.461 -0.464 -0.486 -0.488 -0.378 -0.313 -0.043  0.154  0.296  0.367  0.306  0.146  0.016 -0.249 -0.533 -0.554 -0.513
 -0.509 -0.436 -0.358 -0.116  0.218  0.233  0.237  0.107  0.168  0.090  0.158  0.174  0.190 -0.043 -0.082 -0.302 -0.351 -0.461 -0.488 -0.406 -0.274  0.011  0.255  0.414  0.338  0.426  0.688  0.751  0.711  0.860  1.000  0.853  0.714  0.732  0.812  0.753  0.677  0.625  0.497  0.463  0.521  0.326  0.333  0.280  0.148  0.160  0.215  0.223  0.297  0.257  0.287  0.345  0.219  0.027 -0.210 -0.381 -0.467 -0.330 -0.296 -0.446 -0.468 -0.503 -0.526 -0.443 -0.375 -0.116  0.101  0.260  0.361  0.322  0.187  0.054 -0.252 -0.552 -0.581 -0.544
 -0.420 -0.355 -0.303 -0.107  0.167  0.162  0.160  0.031  0.096  0.091  0.144  0.160  0.179 -0.027 -0.062 -0.252 -0.305 -0.388 -0.410 -0.346 -0.249 -0.018  0.166  0.323  0.296  0.367  0.534  0.664  0.755  0.771  0.853  1.000  0.851  0.709  0.737  0.564  0.432  0.397  0.255  0.251  0.335  0.156  0.188  0.161  0.075  0.120  0.148  0.153  0.190  0.157  0.194  0.260  0.164 -0.009 -0.198 -0.339 -0.399 -0.295 -0.279 -0.388 -0.407 -0.422 -0.429 -0.359 -0.323 -0.119  0.042  0.147  0.219  0.151  0.029 -0.067 -0.261 -0.385 -0.403 -0.366
 -0.341 -0.255 -0.198  0.004  0.223  0.210  0.138  0.013  0.064  0.132  0.207  0.220  0.222  0.041 -0.002 -0.193 -0.275 -0.360 -0.382 -0.356 -0.283 -0.091  0.073  0.214  0.182  0.268  0.408  0.493  0.655  0.740  0.714  0.851  1.000  0.841  0.712  0.540  0.284  0.240  0.119  0.155  0.279  0.095  0.148  0.156  0.102  0.128  0.148  0.156  0.171  0.113  0.123  0.184  0.079 -0.077 -0.238 -0.328 -0.382 -0.302 -0.267 -0.344 -0.335 -0.331 -0.321 -0.231 -0.198 -0.011  0.106  0.170  0.207  0.141  0.029 -0.060 -0.210 -0.359 -0.380 -0.347
 -0.362 -0.264 -0.199  0.030  0.248  0.251  0.159  0.043  0.085  0.145  0.246  0.249  0.232  0.051 -0.016 -0.211 -0.298 -0.396 -0.412 -0.396 -0.320 -0.116  0.075  0.197  0.136  0.218  0.416  0.450  0.518  0.710  0.732  0.709  0.841  1.000  0.879  0.766  0.486  0.383  0.288  0.306  0.395  0.194  0.224  0.233  0.157  0.156  0.190  0.203  0.235  0.157  0.148  0.189  0.057 -0.093 -0.265 -0.342 -0.404 -0.318 -0.260 -0.348 -0.330 -0.337 -0.329 -0.226 -0.175  0.031  0.155  0.247  0.294  0.269  0.167  0.056 -0.176 -0.467 -0.504 -0.476
 -0.437 -0.354 -0.293 -0.064  0.212  0.224  0.192  0.084  0.131  0.099  0.195  0.195  0.198 -0.012 -0.070 -0.268 -0.329 -0.428 -0.442 -0.395 -0.298 -0.059  0.149  0.282  0.209  0.269  0.507  0.558  0.536  0.701  0.812  0.737  0.712  0.879  1.000  0.891  0.692  0.559  0.450  0.445  0.492  0.290  0.290  0.266  0.153  0.161  0.209  0.217  0.276  0.209  0.221  0.262  0.132 -0.030 -0.232 -0.352 -0.423 -0.311 -0.264 -0.386 -0.391 -0.418 -0.429 -0.341 -0.280 -0.057  0.120  0.262  0.350  0.339  0.233  0.103 -0.206 -0.526 -0.568 -0.539
 -0.461 -0.387 -0.316 -0.088  0.203  0.238  0.220  0.149  0.172  0.046  0.140  0.139  0.137 -0.068 -0.110 -0.297 -0.343 -0.432 -0.437 -0.383 -0.278 -0.022  0.190  0.295  0.206  0.266  0.517  0.518  0.426  0.638  0.753  0.564  0.540  0.766  0.891  1.000  0.834  0.666  0.563  0.567  0.580  0.399  0.372  0.336  0.201  0.176  0.240  0.249  0.329  0.267  0.272  0.290  0.166  0.021 -0.193 -0.321 -0.398 -0.269 -0.215 -0.357 -0.370 -0.417 -0.448 -0.366 -0.282 -0.047  0.156  0.325  0.420  0.440  0.342  0.196 -0.151 -0.588 -0.633 -0.603
 -0.475 -0.433 -0.369 -0.182  0.117  0.169  0.212  0.167  0.194  0.004  0.065  0.056  0.061 -0.136 -0.165 -0.323 -0.337 -0.412 -0.408 -0.329 -0.219  0.046  0.261  0.330  0.242  0.310  0.548  0.526  0.360  0.517  0.677  0.432  0.284  0.486  0.692  0.834  1.000  0.857  0.709  0.635  0.568  0.448  0.390  0.318  0.166  0.145  0.215  0.220  0.318  0.294  0.322  0.322  0.217  0.092 -0.126 -0.280 -0.352 -0.209 -0.171 -0.330 -0.371 -0.437 -0.491 -0.439 -0.352 -0.134  0.088  0.275  0.386  0.415  0.330  0.204 -0.146 -0.544 -0.578 -0.549
 -0.496 -0.463 -0.389 -0.206  0.105  0.169  0.278  0.227  0.268  0.006  0.062  0.051  0.060 -0.137 -0.158 -0.324 -0.338 -0.420 -0.418 -0.329 -0.202  0.072  0.314  0.376  0.271  0.368  0.610  0.545  0.369  0.499  0.625  0.397  0.240  0.383  0.559  0.666  0.857  1.000  0.823  0.599  0.594  0.503  0.438  0.339  0.183  0.150  0.223  0.221  0.327  0.321  0.340  0.344  0.233  0.107 -0.120 -0.289 -0.368 -0.217 -0.181 -0.345 -0.397 -0.463 -0.524 -0.478 -0.386 -0.160  0.069  0.275  0.370  0.386  0.273  0.141 -0.196 -0.546 -0.563 -0.527
 -0.428 -0.401 -0.335 -0.170  0.093  0.168  0.287  0.237  0.286  0.001  0.038  0.034  0.037 -0.125 -0.148 -0.286 -0.298 -0.366 -0.356 -0.281 -0.174  0.035  0.236  0.262  0.174  0.257  0.472  0.406  0.221  0.366  0.497  0.255  0.119  0.288  0.450  0.563  0.709  0.823  1.000  0.733  0.662  0.613  0.479  0.341  0.160  0.081  0.162  0.168  0.289  0.283  0.274  0.244  0.157  0.075 -0.115 -0.245 -0.304 -0.177 -0.135 -0.278 -0.329 -0.391 -0.453 -0.413 -0.323 -0.129  0.068  0.276  0.392  0.474  0.413  0.282 -0.081 -0.496 -0.546 -0.531
 -0.473 -0.425 -0.334 -0.125  0.175  0.261  0.311  0.259  0.259 -0.040  0.038  0.061  0.039 -0.147 -0.186 -0.333 -0.348 -0.414 -0.385 -0.320 -0.206  0.037  0.233  0.262  0.166  0.219  0.411  0.367  0.220  0.375  0.463  0.251  0.155  0.306  0.445  0.567  0.635  0.599  0.733  1.000  0.829  0.735  0.586  0.447  0.227  0.096  0.198  0.244  0.396  0.358  0.329  0.283  0.187  0.107 -0.106 -0.234 -0.309 -0.161 -0.097 -0.266 -0.298 -0.381 -0.459 -0.399 -0.271 -0.056  0.182  0.397  0.571  0.681  0.670  0.517  0.094 -0.548 -0.655 -0.659
 -0.547 -0.477 -0.353 -0.083  0.276  0.378  0.433  0.354  0.355 -0.021  0.093  0.125  0.111 -0.118 -0.164 -0.363 -0.388 -0.488 -0.470 -0.397 -0.252  0.036  0.286  0.350  0.221  0.289  0.520  0.455  0.331  0.491  0.521  0.335  0.279  0.395  0.492  0.580  0.568  0.594  0.662  0.829  1.000  0.799  0.690  0.558  0.322  0.165  0.280  0.326  0.476  0.430  0.389  0.356  0.223  0.110 -0.144 -0.295 -0.397 -0.228 -0.147 -0.338 -0.359 -0.449 -0.521 -0.431 -0.283 -0.006  0.279  0.533  0.694  0.746  0.630  0.381 -0.051 -0.645 -0.740 -0.732
 -0.461 -0.395 -0.282 -0.044  0.261  0.357  0.432  0.355  0.363 -0.038  0.079  0.101  0.080 -0.118 -0.187 -0.351 -0.379 -0.446 -0.406 -0.366 -0.273 -0.042  0.179  0.164  0.068  0.187  0.338  0.255  0.160  0.296  0.326  0.156  0.095  0.194  0.290  0.399  0.448  0.503  0.613  0.735  0.799  1.000  0.814  0.608  0.351  0.120  0.230  0.287  0.455  0.425  0.321  0.203  0.101  0.067 -0.149 -0.237 -0.297 -0.150 -0.053 -0.205 -0.237 -0.331 -0.413 -0.331 -0.186  0.047  0.303  0.543  0.690  0.787  0.635  0.420  0.030 -0.552 -0.645 -0.644
 -0.506 -0.425 -0.280 -0.001  0.341  0.429  0.451  0.360  0.352 -0.009  0.138  0.155  0.131 -0.102 -0.187 -0.388 -0.419 -0.511 -0.471 -0.428 -0.322 -0.025  0.258  0.245  0.102  0.240  0.404  0.289  0.202  0.333  0.333  0.188  0.148  0.224  0.290  0.372  0.390  0.438  0.479  0.586  0.690  0.814  1.000  0.816  0.540  0.251  0.364  0.426  0.606  0.570  0.438  0.321  0.168  0.099 -0.159 -0.263 -0.353 -0.183 -0.063 -0.234 -0.249 -0.350 -0.422 -0.321 -0.156  0.120  0.426  0.672  0.733  0.701  0.514  0.247 -0.060 -0.600 -0.688 -0.678
 -0.475 -0.375 -0.210  0.076  0.384  0.472  0.443  0.363  0.329 -0.026  0.127  0.151  0.117 -0.109 -0.207 -0.410 -0.442 -0.518 -0.454 -0.446 -0.378 -0.087  0.194  0.189  0.018  0.157  0.327  0.204  0.139  0.291  0.280  0.161  0.156  0.233  0.266  0.336  0.318  0.339  0.341  0.447  0.558  0.608  0.816  1.000  0.792  0.466  0.576  0.625  0.670  0.552  0.407  0.294  0.145  0.075 -0.181 -0.247 -0.328 -0.167 -0.026 -0.173 -0.161 -0.251 -0.322 -0.212 -0.029  0.240  0.540  0.752  0.692  0.608  0.418  0.123 -0.097 -0.603 -0.680 -0.665
 -0.357 -0.262 -0.104  0.115  0.317  0.382  0.320  0.263  0.229 -0.060  0.082  0.115  0.084 -0.078 -0.177 -0.359 -0.392 -0.440 -0.356 -0.386 -0.368 -0.143  0.109  0.091 -0.085  0.054  0.196  0.063  0.031  0.174  0.148  0.075  0.102  0.157  0.153  0.201  0.166  0.183  0.160  0.227  0.322  0.351  0.540  0.792  1.000  0.695  0.617  0.627  0.535  0.468  0.323  0.206  0.066  0.023 -0.172 -0.172 -0.243 -0.122  0.028 -0.069 -0.028 -0.080 -0.155 -0.064  0.118  0.330  0.526  0.612  0.485  0.378  0.243  0.014 -0.091 -0.471 -0.513 -0.493
 -0.278 -0.216 -0.106  0.039  0.187  0.227  0.185  0.148  0.136 -0.057  0.040  0.047  0.046 -0.076 -0.127 -0.265 -0.275 -0.314 -0.266 -0.283 -0.273 -0.093  0.097  0.124 -0.030  0.061  0.188  0.096  0.069  0.172  0.160  0.120  0.128  0.156  0.161  0.176  0.145  0.150  0.081  0.096  0.165  0.120  0.251  0.466  0.695  1.000  0.761  0.563  0.366  0.296  0.235  0.201  0.104  0.028 -0.131 -0.154 -0.207 -0.116 -0.024 -0.092 -0.068 -0.104 -0.155 -0.105 -0.004  0.139  0.309  0.379  0.270  0.161  0.073 -0.085 -0.133 -0.366 -0.362 -0.333
 -0.351 -0.285 -0.158  0.012  0.215  0.263  0.236  0.198  0.176 -0.066  0.055  0.062  0.052 -0.104 -0.159 -0.315 -0.316 -0.364 -0.311 -0.313 -0.283 -0.062  0.151  0.175  0.003  0.100  0.249  0.149  0.102  0.222  0.215  0.148  0.148  0.190  0.209  0.240  0.215  0.223  0.162  0.198  0.280  0.230  0.364  0.576  0.617  0.761  1.000  0.745  0.522  0.358  0.275  0.253  0.152  0.070 -0.123 -0.172 -0.233 -0.118 -0.024 -0.117 -0.108 -0.166 -0.229 -0.171 -0.059  0.099  0.311  0.438  0.364  0.270  0.163 -0.040 -0.134 -0.444 -0.461 -0.440
 -0.383 -0.311 -0.175  0.022  0.251  0.292  0.221  0.166  0.168  0.007  0.100  0.103  0.084 -0.090 -0.159 -0.326 -0.337 -0.408 -0.362 -0.352 -0.290 -0.029  0.226  0.233  0.046  0.134  0.282  0.176  0.120  0.231  0.223  0.153  0.156  0.203  0.217  0.249  0.220  0.221  0.168  0.244  0.326  0.287  0.426  0.625  0.627  0.563  0.745  1.000  0.766  0.553  0.392  0.342  0.181  0.096 -0.124 -0.189 -0.277 -0.138 -0.020 -0.147 -0.139 -0.213 -0.272 -0.198 -0.075  0.124  0.332  0.431  0.400  0.327  0.223  0.000 -0.105 -0.458 -0.520 -0.503
 -0.503 -0.438 -0.285 -0.053  0.261  0.323  0.261  0.196  0.218  0.026  0.128  0.110  0.083 -0.144 -0.215 -0.400 -0.401 -0.483 -0.424 -0.371 -0.268  0.073  0.370  0.353  0.151  0.231  0.396  0.284  0.188  0.299  0.297  0.190  0.171  0.235  0.276  0.329  0.318  0.327  0.289  0.396  0.476  0.455  0.606  0.670  0.535  0.366  0.522  0.766  1.000  0.784  0.583  0.485  0.290  0.217 -0.056 -0.173 -0.289 -0.092  0.033 -0.161 -0.185 -0.315 -0.402 -0.324 -0.163  0.085  0.343  0.489  0.518  0.478  0.349  0.097 -0.077 -0.554 -0.629 -0.611
 -0.515 -0.492 -0.348 -0.173  0.141  0.219  0.191  0.173  0.175 -0.057  0.022 -0.013 -0.030 -0.248 -0.291 -0.434 -0.393 -0.447 -0.374 -0.279 -0.157  0.226  0.495  0.453  0.246  0.270  0.406  0.308  0.185  0.244  0.257  0.157  0.113  0.157  0.209  0.267  0.294  0.321  0.283  0.358  0.430  0.425  0.570  0.552  0.468  0.296  0.358  0.553  0.784  1.000  0.821  0.644  0.433  0.396  0.102 -0.064 -0.199  0.033  0.141 -0.094 -0.143 -0.305 -0.432 -0.392 -0.219  0.006  0.272  0.388  0.446  0.415  0.310  0.056 -0.092 -0.489 -0.556 -0.536
 -0.540 -0.573 -0.442 -0.328  0.020  0.111  0.119  0.154  0.136 -0.107 -0.069 -0.142 -0.142 -0.363 -0.343 -0.451 -0.345 -0.371 -0.292 -0.138  0.017  0.439  0.630  0.608  0.403  0.330  0.453  0.398  0.241  0.249  0.287  0.194  0.123  0.148  0.221  0.272  0.322  0.340  0.274  0.329  0.389  0.321  0.438  0.407  0.323  0.235  0.275  0.392  0.583  0.821  1.000  0.852  0.693  0.636  0.316  0.053 -0.101  0.169  0.191 -0.087 -0.174 -0.359 -0.510 -0.517 -0.339 -0.144  0.154  0.272  0.361  0.333  0.253 -0.006 -0.128 -0.447 -0.504 -0.482
 -0.508 -0.568 -0.472 -0.385 -0.028  0.050  0.090  0.124  0.118 -0.093 -0.072 -0.145 -0.116 -0.322 -0.258 -0.362 -0.241 -0.284 -0.257 -0.064  0.151  0.589  0.759  0.778  0.585  0.469  0.570  0.519  0.346  0.322  0.345  0.260  0.184  0.189  0.262  0.290  0.322  0.344  0.244  0.283  0.356  0.203  0.321  0.294  0.206  0.201  0.253  0.342  0.485  0.644  0.852  1.000  0.831  0.668  0.354  0.028 -0.154  0.087  0.034 -0.233 -0.309 -0.453 -0.563 -0.581 -0.452 -0.266  0.032  0.169  0.277  0.230  0.149 -0.070 -0.195 -0.426 -0.464 -0.436
 -0.410 -0.527 -0.468 -0.491 -0.192 -0.113 -0.015  0.096  0.053 -0.181 -0.215 -0.322 -0.279 -0.437 -0.316 -0.335 -0.150 -0.112 -0.055  0.157  0.328  0.681  0.662  0.686  0.546  0.366  0.407  0.406  0.242  0.179  0.219  0.164  0.079  0.057  0.132  0.166  0.217  0.233  0.157  0.187  0.223  0.101  0.168  0.145  0.066  0.104  0.152  0.181  0.290  0.433  0.693  0.831  1.000  0.837  0.565  0.226  0.090  0.301  0.166 -0.064 -0.178 -0.336 -0.472 -0.554 -0.441 -0.364 -0.090  0.024  0.131  0.104  0.070 -0.118 -0.165 -0.270 -0.288 -0.266
 -0.316 -0.469 -0.430 -0.522 -0.303 -0.214 -0.108  0.065 -0.006 -0.250 -0.307 -0.440 -0.416 -0.532 -0.409 -0.337 -0.112 -0.000  0.121  0.328  0.441  0.717  0.587  0.507  0.403  0.211  0.188  0.197  0.053 -0.022  0.027 -0.009 -0.077 -0.093 -0.030  0.021  0.092  0.107  0.075  0.107  0.110  0.067  0.099  0.075  0.023  0.028  0.070  0.096  0.217  0.396  0.636  0.668  0.837  1.000  0.789  0.472  0.351  0.554  0.387  0.172  0.032 -0.162 -0.332 -0.450 -0.326 -0.339 -0.124 -0.049  0.042  0.051  0.068 -0.110 -0.079 -0.142 -0.166 -0.156
 -0.041 -0.229 -0.266 -0.474 -0.437 -0.381 -0.271 -0.064 -0.145 -0.271 -0.373 -0.498 -0.473 -0.469 -0.328 -0.131  0.110  0.289  0.435  0.603  0.624  0.651  0.373  0.266  0.254  0.010 -0.082 -0.039 -0.154 -0.263 -0.210 -0.198 -0.238 -0.265 -0.232 -0.193 -0.126 -0.120 -0.115 -0.106 -0.144 -0.149 -0.159 -0.181 -0.172 -0.131 -0.123 -0.124 -0.056  0.102  0.316  0.354  0.565  0.789  1.000  0.764  0.636  0.707  0.493  0.380  0.250  0.066 -0.075 -0.233 -0.168 -0.325 -0.264 -0.264 -0.204 -0.163 -0.071 -0.142  0.001  0.121  0.114  0.109
  0.159  0.018 -0.035 -0.262 -0.397 -0.363 -0.312 -0.127 -0.213 -0.249 -0.331 -0.415 -0.421 -0.327 -0.236 -0.022  0.167  0.369  0.578  0.580  0.474  0.349  0.093 -0.055 -0.031 -0.194 -0.317 -0.292 -0.336 -0.413 -0.381 -0.339 -0.328 -0.342 -0.352 -0.321 -0.280 -0.289 -0.245 -0.234 -0.295 -0.237 -0.263 -0.247 -0.172 -0.154 -0.172 -0.189 -0.173 -0.064  0.053  0.028  0.226  0.472  0.764  1.000  0.813  0.720  0.629  0.618  0.558  0.347  0.216  0.069  0.111 -0.120 -0.207 -0.276 -0.294 -0.235 -0.111 -0.122  0.079  0.234  0.235  0.221
  0.258  0.107  0.022 -0.254 -0.457 -0.440 -0.380 -0.168 -0.269 -0.250 -0.367 -0.474 -0.483 -0.342 -0.254  0.017  0.188  0.442  0.656  0.648  0.439  0.227 -0.088 -0.227 -0.166 -0.309 -0.462 -0.417 -0.424 -0.504 -0.467 -0.399 -0.382 -0.404 -0.423 -0.398 -0.352 -0.368 -0.304 -0.309 -0.397 -0.297 -0.353 -0.328 -0.243 -0.207 -0.233 -0.277 -0.289 -0.199 -0.101 -0.154  0.090  0.351  0.636  0.813  1.000  0.840  0.668  0.739  0.592  0.432  0.322  0.159  0.171 -0.117 -0.247 -0.350 -0.382 -0.313 -0.153 -0.125  0.132  0.376  0.393  0.366
  0.028 -0.121 -0.131 -0.341 -0.413 -0.358 -0.289 -0.069 -0.169 -0.285 -0.371 -0.499 -0.519 -0.472 -0.394 -0.195 -0.000  0.242  0.464  0.516  0.350  0.307  0.067 -0.061 -0.076 -0.209 -0.303 -0.278 -0.319 -0.378 -0.330 -0.295 -0.302 -0.318 -0.311 -0.269 -0.209 -0.217 -0.177 -0.161 -0.228 -0.150 -0.183 -0.167 -0.122 -0.116 -0.118 -0.138 -0.092  0.033  0.169  0.087  0.301  0.554  0.707  0.720  0.840  1.000  0.822  0.708  0.501  0.292  0.135 -0.015  0.069 -0.142 -0.162 -0.220 -0.221 -0.168 -0.034 -0.099  0.095  0.196  0.202  0.185
 -0.009 -0.088 -0.040 -0.190 -0.269 -0.209 -0.193 -0.017 -0.120 -0.259 -0.290 -0.382 -0.421 -0.388 -0.364 -0.252 -0.109  0.098  0.317  0.321  0.136  0.117 -0.003 -0.133 -0.187 -0.239 -0.287 -0.303 -0.325 -0.330 -0.296 -0.279 -0.267 -0.260 -0.264 -0.215 -0.171 -0.181 -0.135 -0.097 -0.147 -0.053 -0.063 -0.026  0.028 -0.024 -0.024 -0.020  0.033  0.141  0.191  0.034  0.166  0.387  0.493  0.629  0.668  0.822  1.000  0.802  0.656  0.386  0.204  0.083  0.203  0.027 -0.002 -0.065 -0.102 -0.054  0.056 -0.042  0.107  0.080  0.072  0.059
  0.219  0.147  0.128 -0.084 -0.302 -0.282 -0.293 -0.116 -0.215 -0.233 -0.285 -0.363 -0.402 -0.278 -0.252 -0.088  0.016  0.241  0.440  0.386  0.142 -0.013 -0.205 -0.350 -0.333 -0.364 -0.478 -0.481 -0.443 -0.461 -0.446 -0.388 -0.344 -0.348 -0.386 -0.357 -0.330 -0.345 -0.278 -0.266 -0.338 -0.205 -0.234 -0.173 -0.069 -0.092 -0.117 -0.147 -0.161 -0.094 -0.087 -0.233 -0.064  0.172  0.380  0.618  0.739  0.708  0.802  1.000  0.821  0.581  0.431  0.296  0.351  0.091 -0.052 -0.178 -0.259 -0.211 -0.066 -0.077  0.161  0.279  0.284  0.260
  0.300  0.277  0.267  0.057 -0.217 -0.213 -0.266 -0.126 -0.228 -0.204 -0.237 -0.270 -0.310 -0.149 -0.133  0.008  0.063  0.228  0.390  0.289  0.073 -0.115 -0.279 -0.408 -0.387 -0.400 -0.505 -0.518 -0.464 -0.464 -0.468 -0.407 -0.335 -0.330 -0.391 -0.370 -0.371 -0.397 -0.329 -0.298 -0.359 -0.237 -0.249 -0.161 -0.028 -0.068 -0.108 -0.139 -0.185 -0.143 -0.174 -0.309 -0.178  0.032  0.250  0.558  0.592  0.501  0.656  0.821  1.000  0.785  0.591  0.451  0.514  0.224  0.025 -0.126 -0.246 -0.203 -0.069 -0.061  0.167  0.270  0.275  0.251
  0.486  0.463  0.399  0.156 -0.207 -0.237 -0.290 -0.175 -0.255 -0.146 -0.205 -0.203 -0.235 -0.009  0.014  0.186  0.186  0.304  0.380  0.229  0.037 -0.233 -0.402 -0.501 -0.442 -0.446 -0.560 -0.563 -0.483 -0.486 -0.503 -0.422 -0.331 -0.337 -0.418 -0.417 -0.437 -0.463 -0.391 -0.381 -0.449 -0.331 -0.350 -0.251 -0.080 -0.104 -0.166 -0.213 -0.315 -0.305 -0.359 -0.453 -0.336 -0.162  0.066  0.347  0.432  0.292  0.386  0.581  0.785  1.000  0.799  0.613  0.606  0.272 -0.013 -0.193 -0.331 -0.296 -0.154 -0.065  0.188  0.372  0.392  0.367
  0.655  0.665  0.546  0.310 -0.143 -0.212 -0.310 -0.252 -0.301 -0.072 -0.134 -0.101 -0.121  0.161  0.202  0.393  0.341  0.399  0.374  0.195  0.025 -0.313 -0.483 -0.561 -0.460 -0.455 -0.589 -0.585 -0.477 -0.488 -0.526 -0.429 -0.321 -0.329 -0.429 -0.448 -0.491 -0.524 -0.453 -0.459 -0.521 -0.413 -0.422 -0.322 -0.155 -0.155 -0.229 -0.272 -0.402 -0.432 -0.510 -0.563 -0.472 -0.332 -0.075  0.216  0.322  0.135  0.204  0.431  0.591  0.799  1.000  0.838  0.667  0.345 -0.024 -0.227 -0.386 -0.359 -0.230 -0.084  0.190  0.435  0.463  0.436
  0.563  0.682  0.619  0.520  0.066 -0.017 -0.201 -0.211 -0.246 -0.002  0.002  0.081  0.055  0.314  0.283  0.360  0.241  0.249  0.223  0.015 -0.138 -0.439 -0.521 -0.586 -0.505 -0.430 -0.528 -0.551 -0.412 -0.378 -0.443 -0.359 -0.231 -0.226 -0.341 -0.366 -0.439 -0.478 -0.413 -0.399 -0.431 -0.331 -0.321 -0.212 -0.064 -0.105 -0.171 -0.198 -0.324 -0.392 -0.517 -0.581 -0.554 -0.450 -0.233  0.069  0.159 -0.015  0.083  0.296  0.451  0.613  0.838  1.000  0.814  0.546  0.152 -0.071 -0.254 -0.247 -0.159 -0.034  0.179  0.323  0.343  0.319
  0.335  0.437  0.524  0.527  0.180  0.138 -0.080 -0.071 -0.134 -0.058  0.005  0.082  0.030  0.200  0.117  0.108  0.044  0.064  0.133 -0.057 -0.219 -0.422 -0.438 -0.519 -0.514 -0.413 -0.454 -0.512 -0.395 -0.313 -0.375 -0.323 -0.198 -0.175 -0.280 -0.282 -0.352 -0.386 -0.323 -0.271 -0.283 -0.186 -0.156 -0.029  0.118 -0.004 -0.059 -0.075 -0.163 -0.219 -0.339 -0.452 -0.441 -0.326 -0.168  0.111  0.171  0.069  0.203  0.351  0.514  0.606  0.667  0.814  1.000  0.732  0.383  0.133 -0.068 -0.082 -0.017  0.008  0.158  0.148  0.153  0.134
  0.057  0.222  0.397  0.662  0.492  0.480  0.182  0.089  0.053  0.064  0.193  0.290  0.220  0.263  0.116 -0.031 -0.144 -0.206 -0.156 -0.325 -0.408 -0.449 -0.307 -0.343 -0.399 -0.236 -0.185 -0.281 -0.180 -0.043 -0.116 -0.119 -0.011  0.031 -0.057 -0.047 -0.134 -0.160 -0.129 -0.056 -0.006  0.047  0.120  0.240  0.330  0.139  0.099  0.124  0.085  0.006 -0.144 -0.266 -0.364 -0.339 -0.325 -0.120 -0.117 -0.142  0.027  0.091  0.224  0.272  0.345  0.546  0.732  1.000  0.721  0.437  0.231  0.167  0.129  0.065  0.072 -0.160 -0.176 -0.178
 -0.239 -0.074  0.148  0.480  0.640  0.632  0.376  0.278  0.206  0.010  0.181  0.256  0.214  0.086 -0.027 -0.247 -0.328 -0.398 -0.345 -0.420 -0.433 -0.289 -0.071 -0.072 -0.205 -0.052  0.079 -0.031 -0.004  0.154  0.101  0.042  0.106  0.155  0.120  0.156  0.088  0.069  0.068  0.182  0.279  0.303  0.426  0.540  0.526  0.309  0.311  0.332  0.343  0.272  0.154  0.032 -0.090 -0.124 -0.264 -0.207 -0.247 -0.162 -0.002 -0.052  0.025 -0.013 -0.024  0.152  0.383  0.721  1.000  0.748  0.557  0.424  0.302  0.097 -0.001 -0.420 -0.472 -0.465
 -0.410 -0.267 -0.072  0.277  0.574  0.676  0.595  0.486  0.407 -0.026  0.191  0.270  0.232  0.016 -0.112 -0.343 -0.417 -0.511 -0.455 -0.490 -0.441 -0.204  0.075  0.092 -0.069  0.084  0.265  0.142  0.115  0.296  0.260  0.147  0.170  0.247  0.262  0.325  0.275  0.275  0.276  0.397  0.533  0.543  0.672  0.752  0.612  0.379  0.438  0.431  0.489  0.388  0.272  0.169  0.024 -0.049 -0.264 -0.276 -0.350 -0.220 -0.065 -0.178 -0.126 -0.193 -0.227 -0.071  0.133  0.437  0.748  1.000  0.829  0.646  0.429  0.140 -0.098 -0.614 -0.678 -0.661
 -0.494 -0.377 -0.204  0.130  0.511  0.618  0.557  0.448  0.396 -0.009  0.179  0.223  0.212 -0.040 -0.141 -0.364 -0.420 -0.524 -0.486 -0.463 -0.366 -0.087  0.182  0.216  0.063  0.170  0.369  0.273  0.200  0.367  0.361  0.219  0.207  0.294  0.350  0.420  0.386  0.370  0.392  0.571  0.694  0.690  0.733  0.692  0.485  0.270  0.364  0.400  0.518  0.446  0.361  0.277  0.131  0.042 -0.204 -0.294 -0.382 -0.221 -0.102 -0.259 -0.246 -0.331 -0.386 -0.254 -0.068  0.231  0.557  0.829  1.000  0.827  0.601  0.280 -0.050 -0.641 -0.737 -0.730
 -0.446 -0.348 -0.209  0.072  0.377  0.483  0.434  0.336  0.294 -0.025  0.113  0.149  0.133 -0.072 -0.158 -0.335 -0.376 -0.460 -0.418 -0.395 -0.303 -0.062  0.161  0.164  0.045  0.131  0.303  0.219  0.130  0.306  0.322  0.151  0.141  0.269  0.339  0.440  0.415  0.386  0.474  0.681  0.746  0.787  0.701  0.608  0.378  0.161  0.270  0.327  0.478  0.415  0.333  0.230  0.104  0.051 -0.163 -0.235 -0.313 -0.168 -0.054 -0.211 -0.203 -0.296 -0.359 -0.247 -0.082  0.167  0.424  0.646  0.827  1.000  0.791  0.480  0.097 -0.592 -0.701 -0.706
 -0.316 -0.259 -0.152  0.017  0.208  0.298  0.217  0.221  0.133 -0.072  0.012  0.002 -0.030 -0.152 -0.196 -0.295 -0.299 -0.327 -0.264 -0.251 -0.212 -0.058  0.082  0.056 -0.050 -0.005  0.146  0.076 -0.019  0.146  0.187  0.029  0.029  0.167  0.233  0.342  0.330  0.273  0.413  0.670  0.630  0.635  0.514  0.418  0.243  0.073  0.163  0.223  0.349  0.310  0.253  0.149  0.070  0.068 -0.071 -0.111 -0.153 -0.034  0.056 -0.066 -0.069 -0.154 -0.230 -0.159 -0.017  0.129  0.302  0.429  0.601  0.791  1.000  0.766  0.391 -0.410 -0.563 -0.595
 -0.104 -0.062 -0.037  0.053  0.086  0.124  0.042  0.034  0.010  0.004  0.022  0.033  0.000 -0.017 -0.059 -0.088 -0.133 -0.155 -0.149 -0.166 -0.150 -0.135 -0.079 -0.102 -0.120 -0.092 -0.012 -0.045 -0.104  0.016  0.054 -0.067 -0.060  0.056  0.103  0.196  0.204  0.141  0.282  0.517  0.381  0.420  0.247  0.123  0.014 -0.085 -0.040  0.000  0.097  0.056 -0.006 -0.070 -0.118 -0.110 -0.142 -0.122 -0.125 -0.099 -0.042 -0.077 -0.061 -0.065 -0.084 -0.034  0.008  0.065  0.097  0.140  0.280  0.480  0.766  1.000  0.620 -0.144 -0.288 -0.338
  0.160  0.155  0.109  0.050 -0.071 -0.087 -0.204 -0.159 -0.220 -0.036 -0.093 -0.125 -0.154 -0.067 -0.051  0.026  0.035  0.097  0.110  0.067 -0.003 -0.099 -0.182 -0.262 -0.219 -0.223 -0.282 -0.289 -0.275 -0.249 -0.252 -0.261 -0.210 -0.176 -0.206 -0.151 -0.146 -0.196 -0.081  0.094 -0.051  0.030 -0.060 -0.097 -0.091 -0.133 -0.134 -0.105 -0.077 -0.092 -0.128 -0.195 -0.165 -0.079  0.001  0.079  0.132  0.095  0.107  0.161  0.167  0.188  0.190  0.179  0.158  0.072 -0.001 -0.098 -0.050  0.097  0.391  0.620  1.000  0.192  0.062 -0.007
  0.526  0.413  0.243 -0.072 -0.422 -0.511 -0.509 -0.438 -0.464 -0.084 -0.255 -0.251 -0.240  0.010  0.077  0.332  0.377  0.492  0.461  0.427  0.287 -0.044 -0.338 -0.394 -0.229 -0.329 -0.552 -0.461 -0.361 -0.533 -0.552 -0.385 -0.359 -0.467 -0.526 -0.588 -0.544 -0.546 -0.496 -0.548 -0.645 -0.552 -0.600 -0.603 -0.471 -0.366 -0.444 -0.458 -0.554 -0.489 -0.447 -0.426 -0.270 -0.142  0.121  0.234  0.376  0.196  0.080  0.279  0.270  0.372  0.435  0.323  0.148 -0.160 -0.420 -0.614 -0.641 -0.592 -0.410 -0.144  0.192  1.000  0.851  0.712
  0.557  0.442  0.260 -0.081 -0.467 -0.560 -0.522 -0.453 -0.462 -0.104 -0.287 -0.274 -0.252  0.025  0.105  0.363  0.399  0.527  0.491  0.453  0.298 -0.056 -0.369 -0.412 -0.234 -0.330 -0.570 -0.475 -0.363 -0.554 -0.581 -0.403 -0.380 -0.504 -0.568 -0.633 -0.578 -0.563 -0.546 -0.655 -0.740 -0.645 -0.688 -0.680 -0.513 -0.362 -0.461 -0.520 -0.629 -0.556 -0.504 -0.464 -0.288 -0.166  0.114  0.235  0.393  0.202  0.072  0.284  0.275  0.392  0.463  0.343  0.153 -0.176 -0.472 -0.678 -0.737 -0.701 -0.563 -0.288  0.062  0.851  1.000  0.908
  0.527  0.419  0.241 -0.088 -0.459 -0.552 -0.501 -0.436 -0.440 -0.111 -0.286 -0.268 -0.243  0.022  0.108  0.349  0.377  0.506  0.469  0.430  0.286 -0.044 -0.343 -0.379 -0.205 -0.296 -0.530 -0.436 -0.324 -0.513 -0.544 -0.366 -0.347 -0.476 -0.539 -0.603 -0.549 -0.527 -0.531 -0.659 -0.732 -0.644 -0.678 -0.665 -0.493 -0.333 -0.440 -0.503 -0.611 -0.536 -0.482 -0.436 -0.266 -0.156  0.109  0.221  0.366  0.185  0.059  0.260  0.251  0.367  0.436  0.319  0.134 -0.178 -0.465 -0.661 -0.730 -0.706 -0.595 -0.338 -0.007  0.712  0.908  1.000
