  1.000  0.763  0.506  0.208 -0.186 -0.299 -0.338 -0.291 -0.258 -0.279 -0.258 -0.171 -0.070  0.211  0.302  0.610  0.612  0.594  0.403  0.275  0.223 -0.067 -0.248 -0.293 -0.182 -0.244 -0.392 -0.368 -0.328 -0.397 -0.403 -0.344 -0.285 -0.277 -0.312 -0.316 -0.329 -0.377 -0.323 -0.299 -0.384 -0.345 -0.385 -0.398 -0.306 -0.210 -0.269 -0.284 -0.399 -0.387 -0.407 -0.364 -0.285 -0.227 -0.039  0.099  0.156 -0.016 -0.045  0.116  0.205  0.395  0.572  0.466  0.259  0.023 -0.204 -0.364 -0.412 -0.343 -0.268 -0.122  0.130  0.328  0.467  0.453
  0.763  1.000  0.729  0.417 -0.004 -0.141 -0.225 -0.225 -0.222 -0.216 -0.163 -0.027  0.076  0.379  0.486  0.608  0.467  0.406  0.234  0.098  0.043 -0.219 -0.338 -0.358 -0.249 -0.244 -0.350 -0.317 -0.250 -0.301 -0.311 -0.251 -0.193 -0.179 -0.222 -0.245 -0.269 -0.322 -0.293 -0.247 -0.314 -0.290 -0.317 -0.332 -0.263 -0.195 -0.243 -0.264 -0.363 -0.398 -0.460 -0.433 -0.394 -0.374 -0.205 -0.033  0.018 -0.156 -0.120  0.048  0.182  0.361  0.566  0.591  0.339  0.151 -0.081 -0.256 -0.317 -0.271 -0.227 -0.096  0.072  0.253  0.370  0.364
  0.506  0.729  1.000  0.623  0.182  0.013 -0.128 -0.182 -0.219 -0.192 -0.089  0.085  0.195  0.466  0.524  0.435  0.379  0.270  0.114 -0.005 -0.040 -0.266 -0.330 -0.320 -0.284 -0.253 -0.285 -0.261 -0.212 -0.220 -0.221 -0.188 -0.136 -0.121 -0.163 -0.188 -0.211 -0.244 -0.229 -0.218 -0.250 -0.252 -0.256 -0.260 -0.219 -0.179 -0.203 -0.216 -0.276 -0.326 -0.366 -0.360 -0.336 -0.340 -0.224 -0.082 -0.045 -0.153 -0.090  0.023  0.149  0.274  0.429  0.492  0.397  0.292  0.082 -0.145 -0.213 -0.208 -0.185 -0.109 -0.003  0.177  0.269  0.265
  0.208  0.417  0.623  1.000  0.591  0.413  0.188  0.056 -0.005  0.077  0.227  0.405  0.451  0.577  0.423  0.253  0.138  0.007 -0.123 -0.246 -0.254 -0.378 -0.344 -0.277 -0.255 -0.194 -0.153 -0.136 -0.080 -0.052 -0.057 -0.038  0.001  0.006 -0.037 -0.087 -0.107 -0.118 -0.126 -0.098 -0.071 -0.092 -0.071 -0.070 -0.077 -0.105 -0.127 -0.107 -0.160 -0.237 -0.304 -0.315 -0.368 -0.424 -0.382 -0.267 -0.257 -0.316 -0.220 -0.151 -0.043  0.054  0.195  0.402  0.407  0.552  0.368  0.135  0.066  0.002 -0.043 -0.025 -0.130  0.049  0.027  0.008
 -0.186 -0.004  0.182  0.591  1.000  0.782  0.518  0.331  0.197  0.298  0.438  0.559  0.599  0.392  0.256  0.006 -0.119 -0.258 -0.338 -0.369 -0.316 -0.258 -0.142 -0.036 -0.072 -0.012  0.109  0.122  0.150  0.204  0.184  0.170  0.184  0.163  0.137  0.092  0.060  0.082  0.047  0.095  0.183  0.176  0.209  0.188  0.084 -0.016  0.015  0.058  0.079  0.004 -0.026 -0.040 -0.136 -0.252 -0.338 -0.363 -0.402 -0.365 -0.303 -0.332 -0.282 -0.264 -0.212 -0.024  0.060  0.337  0.504  0.425  0.453  0.285  0.156  0.062 -0.220 -0.220 -0.321 -0.315
 -0.299 -0.141  0.013  0.413  0.782  1.000  0.716  0.515  0.365  0.462  0.549  0.607  0.529  0.292  0.124 -0.097 -0.212 -0.347 -0.395 -0.423 -0.345 -0.238 -0.098  0.011 -0.028  0.020  0.154  0.155  0.169  0.241  0.231  0.196  0.205  0.202  0.185  0.152  0.140  0.169  0.123  0.173  0.276  0.251  0.280  0.272  0.140  0.018  0.052  0.102  0.141  0.063  0.038  0.014 -0.101 -0.216 -0.332 -0.368 -0.428 -0.368 -0.295 -0.349 -0.312 -0.321 -0.290 -0.107 -0.014  0.326  0.459  0.537  0.563  0.389  0.237  0.110 -0.266 -0.280 -0.442 -0.433
 -0.338 -0.225 -0.128  0.188  0.518  0.716  1.000  0.777  0.544  0.637  0.581  0.437  0.399  0.157  0.030 -0.147 -0.242 -0.364 -0.397 -0.392 -0.284 -0.131  0.008  0.100  0.059  0.095  0.225  0.225  0.200  0.256  0.261  0.219  0.204  0.200  0.212  0.185  0.174  0.230  0.193  0.215  0.349  0.314  0.359  0.329  0.163  0.050  0.095  0.139  0.200  0.133  0.114  0.101 -0.009 -0.116 -0.260 -0.336 -0.397 -0.318 -0.269 -0.358 -0.350 -0.372 -0.361 -0.228 -0.175  0.127  0.291  0.531  0.633  0.452  0.284  0.110 -0.269 -0.389 -0.533 -0.516
 -0.291 -0.225 -0.182  0.056  0.331  0.515  0.777  1.000  0.693  0.594  0.408  0.268  0.188  0.020 -0.054 -0.151 -0.208 -0.301 -0.323 -0.307 -0.212 -0.070  0.038  0.124  0.093  0.103  0.219  0.197  0.150  0.210  0.221  0.166  0.146  0.150  0.170  0.167  0.178  0.229  0.203  0.198  0.296  0.270  0.318  0.291  0.149  0.042  0.080  0.111  0.176  0.129  0.120  0.120  0.036 -0.063 -0.198 -0.276 -0.334 -0.265 -0.230 -0.310 -0.310 -0.324 -0.331 -0.240 -0.200  0.049  0.213  0.462  0.527  0.366  0.218  0.061 -0.240 -0.334 -0.491 -0.446
 -0.258 -0.222 -0.219 -0.005  0.197  0.365  0.544  0.693  1.000  0.854  0.560  0.389  0.222  0.049 -0.041 -0.101 -0.192 -0.277 -0.293 -0.294 -0.214 -0.090  0.019  0.089  0.069  0.095  0.192  0.165  0.142  0.197  0.199  0.163  0.160  0.168  0.167  0.150  0.148  0.182  0.153  0.128  0.207  0.201  0.220  0.182  0.078  0.017  0.041  0.084  0.124  0.089  0.082  0.080 -0.002 -0.082 -0.187 -0.239 -0.288 -0.234 -0.202 -0.262 -0.272 -0.281 -0.280 -0.218 -0.214 -0.029  0.065  0.266  0.327  0.240  0.103  0.022 -0.258 -0.300 -0.418 -0.395
 -0.279 -0.216 -0.192  0.077  0.298  0.462  0.637  0.594  0.854  1.000  0.783  0.560  0.400  0.165  0.023 -0.083 -0.197 -0.302 -0.335 -0.346 -0.251 -0.125 -0.001  0.080  0.061  0.093  0.197  0.192  0.183  0.232  0.233  0.213  0.214  0.214  0.206  0.161  0.138  0.175  0.140  0.126  0.232  0.213  0.235  0.195  0.087  0.029  0.059  0.106  0.138  0.082  0.061  0.063 -0.034 -0.123 -0.230 -0.275 -0.332 -0.284 -0.244 -0.301 -0.302 -0.313 -0.301 -0.213 -0.208  0.006  0.094  0.293  0.375  0.272  0.122  0.034 -0.302 -0.341 -0.466 -0.449
 -0.258 -0.163 -0.089  0.227  0.438  0.549  0.581  0.408  0.560  0.783  1.000  0.798  0.611  0.338  0.134 -0.036 -0.167 -0.286 -0.335 -0.369 -0.284 -0.192 -0.065  0.020  0.010  0.052  0.147  0.168  0.194  0.243  0.239  0.239  0.256  0.260  0.233  0.164  0.112  0.146  0.106  0.131  0.228  0.191  0.209  0.168  0.058  0.014  0.048  0.102  0.122  0.032 -0.007  0.000 -0.103 -0.196 -0.286 -0.303 -0.361 -0.334 -0.278 -0.318 -0.301 -0.318 -0.285 -0.159 -0.148  0.080  0.143  0.279  0.356  0.270  0.143  0.072 -0.270 -0.313 -0.440 -0.435
 -0.171 -0.027  0.085  0.405  0.559  0.607  0.437  0.268  0.389  0.560  0.798  1.000  0.774  0.525  0.278  0.071 -0.078 -0.228 -0.305 -0.369 -0.296 -0.263 -0.136 -0.036 -0.043  0.011  0.099  0.112  0.161  0.204  0.180  0.184  0.218  0.224  0.179  0.112  0.055  0.059  0.014  0.067  0.151  0.102  0.132  0.097  0.028 -0.023 -0.002  0.059  0.050 -0.038 -0.089 -0.075 -0.193 -0.298 -0.353 -0.336 -0.391 -0.387 -0.318 -0.328 -0.282 -0.248 -0.186 -0.031 -0.027  0.179  0.189  0.233  0.274  0.197  0.084  0.032 -0.276 -0.202 -0.320 -0.327
 -0.070  0.076  0.195  0.451  0.599  0.529  0.399  0.188  0.222  0.400  0.611  0.774  1.000  0.715  0.445  0.201  0.049 -0.125 -0.249 -0.304 -0.215 -0.216 -0.109 -0.013 -0.022  0.025  0.106  0.130  0.151  0.172  0.152  0.159  0.185  0.184  0.148  0.082  0.014  0.029 -0.003  0.022  0.112  0.077  0.108  0.060  0.002 -0.030 -0.020  0.047  0.028 -0.060 -0.112 -0.072 -0.185 -0.296 -0.330 -0.319 -0.377 -0.396 -0.338 -0.338 -0.284 -0.239 -0.160 -0.011 -0.039  0.135  0.153  0.180  0.247  0.152  0.049  0.011 -0.259 -0.224 -0.276 -0.273
  0.211  0.379  0.466  0.577  0.392  0.292  0.157  0.020  0.049  0.165  0.338  0.525  0.715  1.000  0.701  0.450  0.281  0.094 -0.070 -0.176 -0.126 -0.251 -0.204 -0.129 -0.110 -0.073 -0.048 -0.030 -0.008 -0.008 -0.022 -0.013  0.032  0.055  0.013 -0.033 -0.095 -0.103 -0.112 -0.088 -0.047 -0.085 -0.064 -0.111 -0.112 -0.107 -0.119 -0.065 -0.125 -0.209 -0.279 -0.226 -0.303 -0.388 -0.337 -0.250 -0.280 -0.376 -0.311 -0.245 -0.141 -0.035  0.100  0.244  0.141  0.210  0.062 -0.005  0.016 -0.016 -0.072 -0.043 -0.186 -0.031 -0.042 -0.050
  0.302  0.486  0.524  0.423  0.256  0.124  0.030 -0.054 -0.041  0.023  0.134  0.278  0.445  0.701  1.000  0.679  0.457  0.227  0.017 -0.051  0.010 -0.131 -0.135 -0.081 -0.056 -0.012 -0.014 -0.001  0.001 -0.005 -0.021 -0.021  0.038  0.061  0.014 -0.017 -0.109 -0.117 -0.106 -0.098 -0.058 -0.108 -0.104 -0.163 -0.184 -0.143 -0.146 -0.118 -0.147 -0.231 -0.270 -0.187 -0.215 -0.296 -0.229 -0.177 -0.202 -0.310 -0.293 -0.229 -0.123 -0.010  0.154  0.234  0.079  0.084 -0.015 -0.093 -0.054 -0.074 -0.100 -0.070 -0.147 -0.063 -0.017  0.003
  0.610  0.608  0.435  0.253  0.006 -0.097 -0.147 -0.151 -0.101 -0.083 -0.036  0.071  0.201  0.450  0.679  1.000  0.739  0.493  0.264  0.177  0.215 -0.023 -0.131 -0.127 -0.058 -0.092 -0.164 -0.156 -0.157 -0.199 -0.218 -0.197 -0.128 -0.110 -0.156 -0.165 -0.242 -0.268 -0.225 -0.205 -0.212 -0.224 -0.249 -0.305 -0.276 -0.195 -0.226 -0.204 -0.277 -0.305 -0.325 -0.236 -0.216 -0.227 -0.080 -0.009 -0.011 -0.175 -0.225 -0.120 -0.022  0.138  0.338  0.301  0.071 -0.030 -0.182 -0.259 -0.230 -0.200 -0.189 -0.100 -0.044  0.111  0.185  0.199
  0.612  0.467  0.379  0.138 -0.119 -0.212 -0.242 -0.208 -0.192 -0.197 -0.167 -0.078  0.049  0.281  0.457  0.739  1.000  0.765  0.456  0.370  0.453  0.146 -0.030 -0.037  0.004 -0.110 -0.195 -0.191 -0.230 -0.287 -0.294 -0.279 -0.222 -0.201 -0.233 -0.228 -0.289 -0.314 -0.249 -0.253 -0.277 -0.287 -0.309 -0.350 -0.305 -0.203 -0.232 -0.217 -0.290 -0.287 -0.251 -0.141 -0.073 -0.053  0.115  0.149  0.139 -0.014 -0.112 -0.036  0.029  0.149  0.309  0.209  0.049 -0.082 -0.234 -0.334 -0.312 -0.268 -0.225 -0.140  0.008  0.153  0.251  0.263
  0.594  0.406  0.270  0.007 -0.258 -0.347 -0.364 -0.301 -0.277 -0.302 -0.286 -0.228 -0.125  0.094  0.227  0.493  0.765  1.000  0.705  0.581  0.561  0.211 -0.046 -0.095 -0.008 -0.172 -0.319 -0.297 -0.333 -0.403 -0.401 -0.368 -0.314 -0.302 -0.330 -0.320 -0.353 -0.376 -0.293 -0.297 -0.365 -0.341 -0.382 -0.403 -0.338 -0.216 -0.255 -0.262 -0.336 -0.324 -0.275 -0.179 -0.050  0.032  0.256  0.316  0.360  0.194  0.068  0.165  0.167  0.237  0.341  0.200  0.068 -0.134 -0.285 -0.412 -0.412 -0.340 -0.259 -0.155  0.115  0.255  0.401  0.393
  0.403  0.234  0.114 -0.123 -0.338 -0.395 -0.397 -0.323 -0.293 -0.335 -0.335 -0.305 -0.249 -0.070  0.017  0.264  0.456  0.705  1.000  0.723  0.514  0.191 -0.058 -0.133 -0.067 -0.216 -0.355 -0.333 -0.351 -0.419 -0.404 -0.362 -0.329 -0.321 -0.334 -0.325 -0.317 -0.353 -0.273 -0.282 -0.381 -0.349 -0.401 -0.402 -0.317 -0.197 -0.234 -0.278 -0.324 -0.296 -0.231 -0.178 -0.011  0.128  0.392  0.525  0.581  0.398  0.262  0.355  0.310  0.288  0.278  0.142  0.099 -0.124 -0.282 -0.409 -0.436 -0.350 -0.248 -0.158  0.156  0.310  0.433  0.408
  0.275  0.098 -0.005 -0.246 -0.369 -0.423 -0.392 -0.307 -0.294 -0.346 -0.369 -0.369 -0.304 -0.176 -0.051  0.177  0.370  0.581  0.723  1.000  0.756  0.431  0.144  0.038  0.082 -0.094 -0.245 -0.240 -0.302 -0.377 -0.375 -0.357 -0.328 -0.322 -0.330 -0.307 -0.300 -0.316 -0.225 -0.258 -0.333 -0.302 -0.342 -0.357 -0.291 -0.186 -0.219 -0.244 -0.261 -0.205 -0.097 -0.010  0.166  0.319  0.554  0.529  0.587  0.453  0.275  0.323  0.242  0.171  0.140 -0.015 -0.032 -0.236 -0.295 -0.394 -0.385 -0.313 -0.213 -0.155  0.173  0.221  0.366  0.363
  0.223  0.043 -0.040 -0.254 -0.316 -0.345 -0.284 -0.212 -0.214 -0.251 -0.284 -0.296 -0.215 -0.126  0.010  0.215  0.453  0.561  0.514  0.756  1.000  0.718  0.400  0.293  0.342  0.111 -0.055 -0.062 -0.173 -0.268 -0.292 -0.302 -0.269 -0.259 -0.270 -0.236 -0.254 -0.249 -0.177 -0.212 -0.231 -0.244 -0.253 -0.282 -0.251 -0.167 -0.188 -0.163 -0.159 -0.080  0.050  0.199  0.324  0.434  0.587  0.445  0.389  0.293  0.094  0.093  0.055  0.013  0.026 -0.109 -0.158 -0.291 -0.296 -0.332 -0.284 -0.234 -0.163 -0.133  0.100  0.070  0.179  0.195
 -0.067 -0.219 -0.266 -0.378 -0.258 -0.238 -0.131 -0.070 -0.090 -0.125 -0.192 -0.263 -0.216 -0.251 -0.131 -0.023  0.146  0.211  0.191  0.431  0.718  1.000  0.741  0.605  0.619  0.405  0.215  0.175  0.043 -0.065 -0.117 -0.154 -0.146 -0.154 -0.154 -0.111 -0.115 -0.064 -0.047 -0.084 -0.067 -0.082 -0.050 -0.086 -0.110 -0.091 -0.072 -0.017  0.061  0.204  0.378  0.546  0.599  0.656  0.600  0.343  0.220  0.259  0.071 -0.025 -0.087 -0.181 -0.225 -0.325 -0.323 -0.352 -0.227 -0.170 -0.092 -0.077 -0.040 -0.078  0.065 -0.140 -0.085 -0.046
 -0.248 -0.338 -0.330 -0.344 -0.142 -0.098  0.008  0.038  0.019 -0.001 -0.065 -0.136 -0.109 -0.204 -0.135 -0.131 -0.030 -0.046 -0.058  0.144  0.400  0.741  1.000  0.800  0.653  0.554  0.491  0.395  0.208  0.121  0.079  0.006 -0.028 -0.037 -0.016  0.027  0.050  0.129  0.101  0.038  0.100  0.061  0.138  0.081  0.016 -0.014  0.038  0.110  0.249  0.399  0.539  0.693  0.590  0.548  0.383  0.152 -0.014  0.086 -0.013 -0.161 -0.212 -0.308 -0.363 -0.411 -0.376 -0.306 -0.142 -0.008  0.070  0.042  0.033 -0.049 -0.050 -0.280 -0.288 -0.245
 -0.293 -0.358 -0.320 -0.277 -0.036  0.011  0.100  0.124  0.089  0.080  0.020 -0.036 -0.013 -0.129 -0.081 -0.127 -0.037 -0.095 -0.133  0.038  0.293  0.605  0.800  1.000  0.779  0.546  0.611  0.559  0.315  0.239  0.210  0.124  0.086  0.070  0.092  0.117  0.093  0.165  0.119  0.076  0.178  0.088  0.165  0.144  0.067  0.035  0.087  0.167  0.279  0.385  0.531  0.722  0.608  0.454  0.269  0.025 -0.146 -0.036 -0.113 -0.274 -0.293 -0.364 -0.405 -0.430 -0.391 -0.260 -0.072  0.080  0.161  0.099  0.062 -0.060 -0.169 -0.368 -0.403 -0.348
 -0.182 -0.249 -0.284 -0.255 -0.072 -0.028  0.059  0.093  0.069  0.061  0.010 -0.043 -0.022 -0.110 -0.056 -0.058  0.004 -0.008 -0.067  0.082  0.342  0.619  0.653  0.779  1.000  0.724  0.533  0.558  0.415  0.243  0.162  0.118  0.085  0.050  0.055  0.065  0.028  0.084  0.040  0.033  0.124  0.052  0.094  0.048 -0.023 -0.032 -0.011  0.039  0.132  0.229  0.352  0.538  0.451  0.337  0.224  0.021 -0.121 -0.070 -0.162 -0.267 -0.276 -0.315 -0.321 -0.340 -0.362 -0.264 -0.126  0.002  0.089  0.060  0.042 -0.029 -0.104 -0.284 -0.303 -0.255
 -0.244 -0.244 -0.253 -0.194 -0.012  0.020  0.095  0.103  0.095  0.093  0.052  0.011  0.025 -0.073 -0.012 -0.092 -0.110 -0.172 -0.216 -0.094  0.111  0.405  0.554  0.546  0.724  1.000  0.709  0.570  0.562  0.441  0.282  0.232  0.192  0.141  0.137  0.139  0.120  0.188  0.114  0.085  0.183  0.135  0.179  0.096  0.005 -0.030  0.002  0.026  0.134  0.189  0.238  0.376  0.274  0.157  0.014 -0.128 -0.231 -0.173 -0.214 -0.292 -0.310 -0.338 -0.342 -0.310 -0.326 -0.206 -0.083  0.049  0.124  0.085  0.047  0.006 -0.099 -0.284 -0.308 -0.267
 -0.392 -0.350 -0.285 -0.153  0.109  0.154  0.225  0.219  0.192  0.197  0.147  0.099  0.106 -0.048 -0.014 -0.164 -0.195 -0.319 -0.355 -0.245 -0.055  0.215  0.491  0.611  0.533  0.709  1.000  0.807  0.581  0.609  0.567  0.408  0.332  0.339  0.371  0.391  0.362  0.432  0.331  0.241  0.382  0.260  0.313  0.254  0.119  0.061  0.124  0.145  0.278  0.283  0.329  0.447  0.298  0.116 -0.072 -0.233 -0.356 -0.251 -0.253 -0.383 -0.391 -0.428 -0.448 -0.388 -0.355 -0.144  0.039  0.228  0.298  0.214  0.129  0.013 -0.272 -0.471 -0.555 -0.501
 -0.368 -0.317 -0.261 -0.136  0.122  0.155  0.225  0.197  0.165  0.192  0.168  0.112  0.130 -0.030 -0.001 -0.156 -0.191 -0.297 -0.333 -0.240 -0.062  0.175  0.395  0.559  0.558  0.570  0.807  1.000  0.738  0.627  0.657  0.568  0.446  0.407  0.450  0.416  0.331  0.352  0.260  0.230  0.369  0.229  0.256  0.204  0.066  0.038  0.090  0.097  0.216  0.227  0.291  0.392  0.264  0.096 -0.070 -0.223 -0.336 -0.242 -0.251 -0.373 -0.375 -0.411 -0.424 -0.369 -0.350 -0.150  0.029  0.199  0.282  0.209  0.133  0.015 -0.291 -0.472 -0.552 -0.495
 -0.328 -0.250 -0.212 -0.080  0.150  0.169  0.200  0.150  0.142  0.183  0.194  0.161  0.151 -0.008  0.001 -0.157 -0.230 -0.333 -0.351 -0.302 -0.173  0.043  0.208  0.315  0.415  0.562  0.581  0.738  1.000  0.799  0.629  0.692  0.631  0.490  0.454  0.349  0.207  0.210  0.096  0.126  0.289  0.158  0.178  0.117  0.003 -0.020  0.010  0.006  0.101  0.107  0.146  0.218  0.111 -0.027 -0.176 -0.277 -0.350 -0.275 -0.263 -0.342 -0.348 -0.373 -0.365 -0.287 -0.281 -0.102  0.033  0.151  0.211  0.144  0.081  0.016 -0.247 -0.344 -0.411 -0.355
 -0.397 -0.301 -0.220 -0.052  0.204  0.241  0.256  0.210  0.197  0.232  0.243  0.204  0.172 -0.008 -0.005 -0.199 -0.287 -0.403 -0.419 -0.377 -0.268 -0.065  0.121  0.239  0.243  0.441  0.609  0.627  0.799  1.000  0.826  0.736  0.725  0.683  0.636  0.575  0.396  0.368  0.263  0.258  0.418  0.241  0.238  0.186  0.056  0.017  0.060  0.052  0.155  0.107  0.124  0.179  0.065 -0.089 -0.251 -0.343 -0.403 -0.311 -0.280 -0.366 -0.374 -0.397 -0.396 -0.301 -0.257 -0.049  0.096  0.244  0.295  0.237  0.146  0.059 -0.322 -0.410 -0.537 -0.488
 -0.403 -0.311 -0.221 -0.057  0.184  0.231  0.261  0.221  0.199  0.233  0.239  0.180  0.152 -0.022 -0.021 -0.218 -0.294 -0.401 -0.404 -0.375 -0.292 -0.117  0.079  0.210  0.162  0.282  0.567  0.657  0.629  0.826  1.000  0.830  0.704  0.728  0.766  0.709  0.558  0.485  0.395  0.349  0.449  0.277  0.250  0.214  0.077  0.055  0.104  0.083  0.178  0.123  0.138  0.167  0.055 -0.088 -0.237 -0.315 -0.368 -0.273 -0.233 -0.324 -0.333 -0.364 -0.383 -0.298 -0.244 -0.038  0.097  0.258  0.313  0.264  0.167  0.058 -0.370 -0.473 -0.608 -0.565
 -0.344 -0.251 -0.188 -0.038  0.170  0.196  0.219  0.166  0.163  0.213  0.239  0.184  0.159 -0.013 -0.021 -0.197 -0.279 -0.368 -0.362 -0.357 -0.302 -0.154  0.006  0.124  0.118  0.232  0.408  0.568  0.692  0.736  0.830  1.000  0.850  0.714  0.708  0.539  0.330  0.277  0.174  0.197  0.325  0.169  0.164  0.141  0.032  0.031  0.061  0.040  0.106  0.067  0.077  0.099  0.003 -0.118 -0.241 -0.294 -0.333 -0.254 -0.213 -0.283 -0.291 -0.315 -0.321 -0.241 -0.206 -0.036  0.076  0.187  0.226  0.163  0.090  0.009 -0.331 -0.372 -0.460 -0.413
 -0.285 -0.193 -0.136  0.001  0.184  0.205  0.204  0.146  0.160  0.214  0.256  0.218  0.185  0.032  0.038 -0.128 -0.222 -0.314 -0.329 -0.328 -0.269 -0.146 -0.028  0.086  0.085  0.192  0.332  0.446  0.631  0.725  0.704  0.850  1.000  0.836  0.696  0.538  0.223  0.177  0.082  0.120  0.287  0.112  0.113  0.089 -0.011 -0.015  0.007  0.008  0.070  0.024  0.036  0.074 -0.015 -0.132 -0.239 -0.290 -0.326 -0.260 -0.228 -0.286 -0.286 -0.297 -0.284 -0.201 -0.181 -0.024  0.074  0.153  0.189  0.141  0.067 -0.008 -0.329 -0.327 -0.407 -0.370
 -0.277 -0.179 -0.121  0.006  0.163  0.202  0.200  0.150  0.168  0.214  0.260  0.224  0.184  0.055  0.061 -0.110 -0.201 -0.302 -0.321 -0.322 -0.259 -0.154 -0.037  0.070  0.050  0.141  0.339  0.407  0.490  0.683  0.728  0.714  0.836  1.000  0.877  0.765  0.431  0.319  0.251  0.232  0.366  0.169  0.141  0.112  0.007 -0.005  0.016  0.010  0.083  0.021  0.028  0.061 -0.037 -0.152 -0.251 -0.292 -0.324 -0.272 -0.237 -0.286 -0.281 -0.292 -0.275 -0.186 -0.167 -0.012  0.070  0.175  0.214  0.203  0.120  0.031 -0.366 -0.375 -0.496 -0.469
 -0.312 -0.222 -0.163 -0.037  0.137  0.185  0.212  0.170  0.167  0.206  0.233  0.179  0.148  0.013  0.014 -0.156 -0.233 -0.330 -0.334 -0.330 -0.270 -0.154 -0.016  0.092  0.055  0.137  0.371  0.450  0.454  0.636  0.766  0.708  0.696  0.877  1.000  0.877  0.605  0.443  0.375  0.346  0.430  0.242  0.188  0.161  0.044  0.036  0.062  0.041  0.124  0.055  0.064  0.086 -0.019 -0.135 -0.241 -0.284 -0.320 -0.258 -0.219 -0.280 -0.280 -0.297 -0.297 -0.221 -0.188 -0.029  0.067  0.210  0.258  0.263  0.189  0.086 -0.354 -0.420 -0.567 -0.539
 -0.316 -0.245 -0.188 -0.087  0.092  0.152  0.185  0.167  0.150  0.161  0.164  0.112  0.082 -0.033 -0.017 -0.165 -0.228 -0.320 -0.325 -0.307 -0.236 -0.111  0.027  0.117  0.065  0.139  0.391  0.416  0.349  0.575  0.709  0.539  0.538  0.765  0.877  1.000  0.764  0.559  0.493  0.448  0.472  0.314  0.233  0.193  0.072  0.044  0.077  0.062  0.163  0.098  0.103  0.115  0.014 -0.095 -0.205 -0.260 -0.298 -0.231 -0.196 -0.266 -0.275 -0.296 -0.307 -0.249 -0.207 -0.051  0.058  0.222  0.277  0.317  0.240  0.148 -0.277 -0.421 -0.595 -0.570
 -0.329 -0.269 -0.211 -0.107  0.060  0.140  0.174  0.178  0.148  0.138  0.112  0.055  0.014 -0.095 -0.109 -0.242 -0.289 -0.353 -0.317 -0.300 -0.254 -0.115  0.050  0.093  0.028  0.120  0.362  0.331  0.207  0.396  0.558  0.330  0.223  0.431  0.605  0.764  1.000  0.795  0.630  0.532  0.437  0.363  0.272  0.234  0.127  0.092  0.131  0.098  0.196  0.131  0.133  0.105  0.012 -0.064 -0.173 -0.216 -0.250 -0.171 -0.123 -0.195 -0.216 -0.252 -0.291 -0.235 -0.168 -0.019  0.074  0.248  0.282  0.307  0.254  0.201 -0.151 -0.382 -0.558 -0.524
 -0.377 -0.322 -0.244 -0.118  0.082  0.169  0.230  0.229  0.182  0.175  0.146  0.059  0.029 -0.103 -0.117 -0.268 -0.314 -0.376 -0.353 -0.316 -0.249 -0.064  0.129  0.165  0.084  0.188  0.432  0.352  0.210  0.368  0.485  0.277  0.177  0.319  0.443  0.559  0.795  1.000  0.774  0.499  0.479  0.439  0.370  0.289  0.145  0.094  0.154  0.131  0.253  0.202  0.197  0.170  0.064 -0.016 -0.159 -0.232 -0.279 -0.177 -0.130 -0.227 -0.261 -0.327 -0.370 -0.296 -0.222 -0.039  0.076  0.280  0.334  0.319  0.246  0.161 -0.147 -0.436 -0.559 -0.504
 -0.323 -0.293 -0.229 -0.126  0.047  0.123  0.193  0.203  0.153  0.140  0.106  0.014 -0.003 -0.112 -0.106 -0.225 -0.249 -0.293 -0.273 -0.225 -0.177 -0.047  0.101  0.119  0.040  0.114  0.331  0.260  0.096  0.263  0.395  0.174  0.082  0.251  0.375  0.493  0.630  0.774  1.000  0.659  0.573  0.532  0.406  0.276  0.111  0.065  0.122  0.089  0.223  0.186  0.169  0.123  0.057  0.008 -0.112 -0.176 -0.202 -0.119 -0.088 -0.176 -0.225 -0.308 -0.331 -0.279 -0.221 -0.068  0.056  0.255  0.343  0.389  0.360  0.259 -0.079 -0.369 -0.531 -0.518
 -0.299 -0.247 -0.218 -0.098  0.095  0.173  0.215  0.198  0.128  0.126  0.131  0.067  0.022 -0.088 -0.098 -0.205 -0.253 -0.297 -0.282 -0.258 -0.212 -0.084  0.038  0.076  0.033  0.085  0.241  0.230  0.126  0.258  0.349  0.197  0.120  0.232  0.346  0.448  0.532  0.499  0.659  1.000  0.729  0.620  0.429  0.296  0.115  0.050  0.098  0.105  0.241  0.175  0.122  0.077  0.015 -0.047 -0.160 -0.213 -0.245 -0.167 -0.124 -0.215 -0.229 -0.285 -0.304 -0.248 -0.212 -0.071  0.091  0.277  0.413  0.536  0.615  0.605  0.139 -0.274 -0.576 -0.602
 -0.384 -0.314 -0.250 -0.071  0.183  0.276  0.349  0.296  0.207  0.232  0.228  0.151  0.112 -0.047 -0.058 -0.212 -0.277 -0.365 -0.381 -0.333 -0.231 -0.067  0.100  0.178  0.124  0.183  0.382  0.369  0.289  0.418  0.449  0.325  0.287  0.366  0.430  0.472  0.437  0.479  0.573  0.729  1.000  0.700  0.546  0.393  0.156  0.041  0.118  0.153  0.319  0.236  0.174  0.154  0.042 -0.050 -0.205 -0.296 -0.347 -0.252 -0.208 -0.320 -0.331 -0.394 -0.402 -0.309 -0.265 -0.059  0.153  0.407  0.569  0.618  0.597  0.432 -0.134 -0.375 -0.638 -0.658
 -0.345 -0.290 -0.252 -0.092  0.176  0.251  0.314  0.270  0.201  0.213  0.191  0.102  0.077 -0.085 -0.108 -0.224 -0.287 -0.341 -0.349 -0.302 -0.244 -0.082  0.061  0.088  0.052  0.135  0.260  0.229  0.158  0.241  0.277  0.169  0.112  0.169  0.242  0.314  0.363  0.439  0.532  0.620  0.700  1.000  0.750  0.486  0.196  0.026  0.093  0.122  0.324  0.283  0.189  0.097  0.018 -0.034 -0.179 -0.262 -0.287 -0.192 -0.148 -0.247 -0.289 -0.357 -0.375 -0.298 -0.263 -0.078  0.150  0.411  0.609  0.698  0.564  0.462  0.008 -0.355 -0.527 -0.548
 -0.385 -0.317 -0.256 -0.071  0.209  0.280  0.359  0.318  0.220  0.235  0.209  0.132  0.108 -0.064 -0.104 -0.249 -0.309 -0.382 -0.401 -0.342 -0.253 -0.050  0.138  0.165  0.094  0.179  0.313  0.256  0.178  0.238  0.250  0.164  0.113  0.141  0.188  0.233  0.272  0.370  0.406  0.429  0.546  0.750  1.000  0.742  0.387  0.096  0.186  0.226  0.466  0.425  0.300  0.208  0.083  0.002 -0.187 -0.300 -0.349 -0.231 -0.178 -0.304 -0.333 -0.394 -0.407 -0.314 -0.264 -0.032  0.243  0.539  0.619  0.552  0.386  0.250 -0.098 -0.359 -0.511 -0.511
 -0.398 -0.332 -0.260 -0.070  0.188  0.272  0.329  0.291  0.182  0.195  0.168  0.097  0.060 -0.111 -0.163 -0.305 -0.350 -0.403 -0.402 -0.357 -0.282 -0.086  0.081  0.144  0.048  0.096  0.254  0.204  0.117  0.186  0.214  0.141  0.089  0.112  0.161  0.193  0.234  0.289  0.276  0.296  0.393  0.486  0.742  1.000  0.693  0.312  0.420  0.461  0.548  0.398  0.278  0.206  0.092 -0.009 -0.205 -0.310 -0.350 -0.236 -0.177 -0.285 -0.290 -0.325 -0.360 -0.270 -0.203  0.025  0.302  0.592  0.541  0.423  0.273  0.128 -0.139 -0.315 -0.444 -0.445
 -0.306 -0.263 -0.219 -0.077  0.084  0.140  0.163  0.149  0.078  0.087  0.058  0.028  0.002 -0.112 -0.184 -0.276 -0.305 -0.338 -0.317 -0.291 -0.251 -0.110  0.016  0.067 -0.023  0.005  0.119  0.066  0.003  0.056  0.077  0.032 -0.011  0.007  0.044  0.072  0.127  0.145  0.111  0.115  0.156  0.196  0.387  0.693  1.000  0.612  0.472  0.476  0.361  0.313  0.214  0.134  0.024 -0.047 -0.191 -0.253 -0.284 -0.202 -0.140 -0.203 -0.185 -0.163 -0.221 -0.170 -0.094  0.078  0.249  0.379  0.287  0.170  0.088  0.011 -0.090 -0.133 -0.212 -0.222
 -0.210 -0.195 -0.179 -0.105 -0.016  0.018  0.050  0.042  0.017  0.029  0.014 -0.023 -0.030 -0.107 -0.143 -0.195 -0.203 -0.216 -0.197 -0.186 -0.167 -0.091 -0.014  0.035 -0.032 -0.030  0.061  0.038 -0.020  0.017  0.055  0.031 -0.015 -0.005  0.036  0.044  0.092  0.094  0.065  0.050  0.041  0.026  0.096  0.312  0.612  1.000  0.671  0.434  0.214  0.134  0.112  0.082  0.018 -0.046 -0.130 -0.170 -0.189 -0.147 -0.122 -0.149 -0.137 -0.113 -0.166 -0.155 -0.135 -0.060  0.053  0.148  0.090  0.020  0.002 -0.044 -0.066 -0.100 -0.111 -0.110
 -0.269 -0.243 -0.203 -0.127  0.015  0.052  0.095  0.080  0.041  0.059  0.048 -0.002 -0.020 -0.119 -0.146 -0.226 -0.232 -0.255 -0.234 -0.219 -0.188 -0.072  0.038  0.087 -0.011  0.002  0.124  0.090  0.010  0.060  0.104  0.061  0.007  0.016  0.062  0.077  0.131  0.154  0.122  0.098  0.118  0.093  0.186  0.420  0.472  0.671  1.000  0.672  0.407  0.179  0.124  0.137  0.074 -0.005 -0.121 -0.179 -0.202 -0.141 -0.111 -0.157 -0.161 -0.159 -0.223 -0.198 -0.179 -0.098  0.038  0.188  0.157  0.072  0.031 -0.055 -0.116 -0.180 -0.199 -0.196
 -0.284 -0.264 -0.216 -0.107  0.058  0.102  0.139  0.111  0.084  0.106  0.102  0.059  0.047 -0.065 -0.118 -0.204 -0.217 -0.262 -0.278 -0.244 -0.163 -0.017  0.110  0.167  0.039  0.026  0.145  0.097  0.006  0.052  0.083  0.040  0.008  0.010  0.041  0.062  0.098  0.131  0.089  0.105  0.153  0.122  0.226  0.461  0.476  0.434  0.672  1.000  0.670  0.376  0.214  0.232  0.117  0.014 -0.128 -0.217 -0.276 -0.201 -0.153 -0.228 -0.222 -0.221 -0.268 -0.234 -0.216 -0.094  0.037  0.177  0.193  0.122  0.072 -0.019 -0.101 -0.184 -0.241 -0.243
 -0.399 -0.363 -0.276 -0.160  0.079  0.141  0.200  0.176  0.124  0.138  0.122  0.050  0.028 -0.125 -0.147 -0.277 -0.290 -0.336 -0.324 -0.261 -0.159  0.061  0.249  0.279  0.132  0.134  0.278  0.216  0.101  0.155  0.178  0.106  0.070  0.083  0.124  0.163  0.196  0.253  0.223  0.241  0.319  0.324  0.466  0.548  0.361  0.214  0.407  0.670  1.000  0.667  0.425  0.369  0.216  0.142 -0.058 -0.182 -0.260 -0.123 -0.060 -0.204 -0.240 -0.321 -0.383 -0.340 -0.289 -0.112  0.089  0.291  0.337  0.283  0.197  0.076 -0.089 -0.306 -0.424 -0.402
 -0.387 -0.398 -0.326 -0.237  0.004  0.063  0.133  0.129  0.089  0.082  0.032 -0.038 -0.060 -0.209 -0.231 -0.305 -0.287 -0.324 -0.296 -0.205 -0.080  0.204  0.399  0.385  0.229  0.189  0.283  0.227  0.107  0.107  0.123  0.067  0.024  0.021  0.055  0.098  0.131  0.202  0.186  0.175  0.236  0.283  0.425  0.398  0.313  0.134  0.179  0.376  0.667  1.000  0.763  0.569  0.339  0.313  0.076 -0.083 -0.193 -0.012  0.049 -0.143 -0.197 -0.312 -0.405 -0.391 -0.308 -0.130  0.073  0.206  0.262  0.227  0.156  0.046 -0.040 -0.256 -0.342 -0.328
 -0.407 -0.460 -0.366 -0.304 -0.026  0.038  0.114  0.120  0.082  0.061 -0.007 -0.089 -0.112 -0.279 -0.270 -0.325 -0.251 -0.275 -0.231 -0.097  0.050  0.378  0.539  0.531  0.352  0.238  0.329  0.291  0.146  0.124  0.138  0.077  0.036  0.028  0.064  0.103  0.133  0.197  0.169  0.122  0.174  0.189  0.300  0.278  0.214  0.112  0.124  0.214  0.425  0.763  1.000  0.798  0.600  0.557  0.280  0.056 -0.078  0.143  0.141 -0.088 -0.165 -0.322 -0.439 -0.463 -0.333 -0.170  0.062  0.180  0.221  0.176  0.132 -0.003 -0.058 -0.303 -0.374 -0.339
 -0.364 -0.433 -0.360 -0.315 -0.040  0.014  0.101  0.120  0.080  0.063  0.000 -0.075 -0.072 -0.226 -0.187 -0.236 -0.141 -0.179 -0.178 -0.010  0.199  0.546  0.693  0.722  0.538  0.376  0.447  0.392  0.218  0.179  0.167  0.099  0.074  0.061  0.086  0.115  0.105  0.170  0.123  0.077  0.154  0.097  0.208  0.206  0.134  0.082  0.137  0.232  0.369  0.569  0.798  1.000  0.766  0.608  0.337  0.064 -0.105  0.081  0.007 -0.209 -0.258 -0.370 -0.454 -0.478 -0.387 -0.242 -0.015  0.117  0.175  0.115  0.083 -0.056 -0.116 -0.353 -0.400 -0.347
 -0.285 -0.394 -0.336 -0.368 -0.136 -0.101 -0.009  0.036 -0.002 -0.034 -0.103 -0.193 -0.185 -0.303 -0.215 -0.216 -0.073 -0.050 -0.011  0.166  0.324  0.599  0.590  0.608  0.451  0.274  0.298  0.264  0.111  0.065  0.055  0.003 -0.015 -0.037 -0.019  0.014  0.012  0.064  0.057  0.015  0.042  0.018  0.083  0.092  0.024  0.018  0.074  0.117  0.216  0.339  0.600  0.766  1.000  0.787  0.528  0.254  0.129  0.285  0.139 -0.041 -0.117 -0.251 -0.352 -0.426 -0.335 -0.284 -0.073  0.010  0.067  0.030  0.038 -0.075 -0.022 -0.260 -0.256 -0.209
 -0.227 -0.374 -0.340 -0.424 -0.252 -0.216 -0.116 -0.063 -0.082 -0.123 -0.196 -0.298 -0.296 -0.388 -0.296 -0.227 -0.053  0.032  0.128  0.319  0.434  0.656  0.548  0.454  0.337  0.157  0.116  0.096 -0.027 -0.089 -0.088 -0.118 -0.132 -0.152 -0.135 -0.095 -0.064 -0.016  0.008 -0.047 -0.050 -0.034  0.002 -0.009 -0.047 -0.046 -0.005  0.014  0.142  0.313  0.557  0.608  0.787  1.000  0.765  0.471  0.354  0.515  0.324  0.142  0.030 -0.144 -0.269 -0.376 -0.280 -0.304 -0.138 -0.096 -0.043 -0.041 -0.005 -0.087  0.082 -0.129 -0.101 -0.076
 -0.039 -0.205 -0.224 -0.382 -0.338 -0.332 -0.260 -0.198 -0.187 -0.230 -0.286 -0.353 -0.330 -0.337 -0.229 -0.080  0.115  0.256  0.392  0.554  0.587  0.600  0.383  0.269  0.224  0.014 -0.072 -0.070 -0.176 -0.251 -0.237 -0.241 -0.239 -0.251 -0.241 -0.205 -0.173 -0.159 -0.112 -0.160 -0.205 -0.179 -0.187 -0.205 -0.191 -0.130 -0.121 -0.128 -0.058  0.076  0.280  0.337  0.528  0.765  1.000  0.750  0.611  0.653  0.424  0.323  0.213  0.032 -0.082 -0.223 -0.154 -0.283 -0.233 -0.262 -0.229 -0.183 -0.108 -0.127  0.128  0.019  0.112  0.123
  0.099 -0.033 -0.082 -0.267 -0.363 -0.368 -0.336 -0.276 -0.239 -0.275 -0.303 -0.336 -0.319 -0.250 -0.177 -0.009  0.149  0.316  0.525  0.529  0.445  0.343  0.152  0.025  0.021 -0.128 -0.233 -0.223 -0.277 -0.343 -0.315 -0.294 -0.290 -0.292 -0.284 -0.260 -0.216 -0.232 -0.176 -0.213 -0.296 -0.262 -0.300 -0.310 -0.253 -0.170 -0.179 -0.217 -0.182 -0.083  0.056  0.064  0.254  0.471  0.750  1.000  0.780  0.658  0.558  0.541  0.487  0.246  0.123 -0.027  0.017 -0.177 -0.256 -0.337 -0.348 -0.271 -0.178 -0.140  0.144  0.160  0.262  0.246
  0.156  0.018 -0.045 -0.257 -0.402 -0.428 -0.397 -0.334 -0.288 -0.332 -0.361 -0.391 -0.377 -0.280 -0.202 -0.011  0.139  0.360  0.581  0.587  0.389  0.220 -0.014 -0.146 -0.121 -0.231 -0.356 -0.336 -0.350 -0.403 -0.368 -0.333 -0.326 -0.324 -0.320 -0.298 -0.250 -0.279 -0.202 -0.245 -0.347 -0.287 -0.349 -0.350 -0.284 -0.189 -0.202 -0.276 -0.260 -0.193 -0.078 -0.105  0.129  0.354  0.611  0.780  1.000  0.819  0.631  0.683  0.511  0.323  0.212  0.052  0.092 -0.153 -0.258 -0.373 -0.402 -0.315 -0.199 -0.141  0.204  0.256  0.396  0.368
 -0.016 -0.156 -0.153 -0.316 -0.365 -0.368 -0.318 -0.265 -0.234 -0.284 -0.334 -0.387 -0.396 -0.376 -0.310 -0.175 -0.014  0.194  0.398  0.453  0.293  0.259  0.086 -0.036 -0.070 -0.173 -0.251 -0.242 -0.275 -0.311 -0.273 -0.254 -0.260 -0.272 -0.258 -0.231 -0.171 -0.177 -0.119 -0.167 -0.252 -0.192 -0.231 -0.236 -0.202 -0.147 -0.141 -0.201 -0.123 -0.012  0.143  0.081  0.285  0.515  0.653  0.658  0.819  1.000  0.798  0.669  0.431  0.220  0.076 -0.073  0.018 -0.174 -0.197 -0.277 -0.287 -0.222 -0.120 -0.115  0.184  0.155  0.259  0.237
 -0.045 -0.120 -0.090 -0.220 -0.303 -0.295 -0.269 -0.230 -0.202 -0.244 -0.278 -0.318 -0.338 -0.311 -0.293 -0.225 -0.112  0.068  0.262  0.275  0.094  0.071 -0.013 -0.113 -0.162 -0.214 -0.253 -0.251 -0.263 -0.280 -0.233 -0.213 -0.228 -0.237 -0.219 -0.196 -0.123 -0.130 -0.088 -0.124 -0.208 -0.148 -0.178 -0.177 -0.140 -0.122 -0.111 -0.153 -0.060  0.049  0.141  0.007  0.139  0.324  0.424  0.558  0.631  0.798  1.000  0.773  0.594  0.308  0.140  0.002  0.097 -0.077 -0.134 -0.214 -0.244 -0.179 -0.092 -0.086  0.156  0.154  0.221  0.192
  0.116  0.048  0.023 -0.151 -0.332 -0.349 -0.358 -0.310 -0.262 -0.301 -0.318 -0.328 -0.338 -0.245 -0.229 -0.120 -0.036  0.165  0.355  0.323  0.093 -0.025 -0.161 -0.274 -0.267 -0.292 -0.383 -0.373 -0.342 -0.366 -0.324 -0.283 -0.286 -0.286 -0.280 -0.266 -0.195 -0.227 -0.176 -0.215 -0.320 -0.247 -0.304 -0.285 -0.203 -0.149 -0.157 -0.228 -0.204 -0.143 -0.088 -0.209 -0.041  0.142  0.323  0.541  0.683  0.669  0.773  1.000  0.764  0.483  0.318  0.164  0.222 -0.021 -0.167 -0.300 -0.362 -0.293 -0.193 -0.134  0.182  0.283  0.402  0.358
  0.205  0.182  0.149 -0.043 -0.282 -0.312 -0.350 -0.310 -0.272 -0.302 -0.301 -0.282 -0.284 -0.141 -0.123 -0.022  0.029  0.167  0.310  0.242  0.055 -0.087 -0.212 -0.293 -0.276 -0.310 -0.391 -0.375 -0.348 -0.374 -0.333 -0.291 -0.286 -0.281 -0.280 -0.275 -0.216 -0.261 -0.225 -0.229 -0.331 -0.289 -0.333 -0.290 -0.185 -0.137 -0.161 -0.222 -0.240 -0.197 -0.165 -0.258 -0.117  0.030  0.213  0.487  0.511  0.431  0.594  0.764  1.000  0.717  0.492  0.311  0.367  0.084 -0.112 -0.274 -0.369 -0.301 -0.203 -0.128  0.154  0.296  0.400  0.357
  0.395  0.361  0.274  0.054 -0.264 -0.321 -0.372 -0.324 -0.281 -0.313 -0.318 -0.248 -0.239 -0.035 -0.010  0.138  0.149  0.237  0.288  0.171  0.013 -0.181 -0.308 -0.364 -0.315 -0.338 -0.428 -0.411 -0.373 -0.397 -0.364 -0.315 -0.297 -0.292 -0.297 -0.296 -0.252 -0.327 -0.308 -0.285 -0.394 -0.357 -0.394 -0.325 -0.163 -0.113 -0.159 -0.221 -0.321 -0.312 -0.322 -0.370 -0.251 -0.144  0.032  0.246  0.323  0.220  0.308  0.483  0.717  1.000  0.741  0.494  0.490  0.154 -0.109 -0.302 -0.414 -0.352 -0.261 -0.155  0.142  0.364  0.496  0.459
  0.572  0.566  0.429  0.195 -0.212 -0.290 -0.361 -0.331 -0.280 -0.301 -0.285 -0.186 -0.160  0.100  0.154  0.338  0.309  0.341  0.278  0.140  0.026 -0.225 -0.363 -0.405 -0.321 -0.342 -0.448 -0.424 -0.365 -0.396 -0.383 -0.321 -0.284 -0.275 -0.297 -0.307 -0.291 -0.370 -0.331 -0.304 -0.402 -0.375 -0.407 -0.360 -0.221 -0.166 -0.223 -0.268 -0.383 -0.405 -0.439 -0.454 -0.352 -0.269 -0.082  0.123  0.212  0.076  0.140  0.318  0.492  0.741  1.000  0.767  0.569  0.237 -0.093 -0.292 -0.420 -0.355 -0.275 -0.140  0.131  0.383  0.515  0.473
  0.466  0.591  0.492  0.402 -0.024 -0.107 -0.228 -0.240 -0.218 -0.213 -0.159 -0.031 -0.011  0.244  0.234  0.301  0.209  0.200  0.142 -0.015 -0.109 -0.325 -0.411 -0.430 -0.340 -0.310 -0.388 -0.369 -0.287 -0.301 -0.298 -0.241 -0.201 -0.186 -0.221 -0.249 -0.235 -0.296 -0.279 -0.248 -0.309 -0.298 -0.314 -0.270 -0.170 -0.155 -0.198 -0.234 -0.340 -0.391 -0.463 -0.478 -0.426 -0.376 -0.223 -0.027  0.052 -0.073  0.002  0.164  0.311  0.494  0.767  1.000  0.748  0.438  0.069 -0.147 -0.301 -0.263 -0.212 -0.100  0.068  0.319  0.417  0.367
  0.259  0.339  0.397  0.407  0.060 -0.014 -0.175 -0.200 -0.214 -0.208 -0.148 -0.027 -0.039  0.141  0.079  0.071  0.049  0.068  0.099 -0.032 -0.158 -0.323 -0.376 -0.391 -0.362 -0.326 -0.355 -0.350 -0.281 -0.257 -0.244 -0.206 -0.181 -0.167 -0.188 -0.207 -0.168 -0.222 -0.221 -0.212 -0.265 -0.263 -0.264 -0.203 -0.094 -0.135 -0.179 -0.216 -0.289 -0.308 -0.333 -0.387 -0.335 -0.280 -0.154  0.017  0.092  0.018  0.097  0.222  0.367  0.490  0.569  0.748  1.000  0.637  0.264 -0.035 -0.220 -0.215 -0.172 -0.101  0.049  0.276  0.346  0.303
  0.023  0.151  0.292  0.552  0.337  0.326  0.127  0.049 -0.029  0.006  0.080  0.179  0.135  0.210  0.084 -0.030 -0.082 -0.134 -0.124 -0.236 -0.291 -0.352 -0.306 -0.260 -0.264 -0.206 -0.144 -0.150 -0.102 -0.049 -0.038 -0.036 -0.024 -0.012 -0.029 -0.051 -0.019 -0.039 -0.068 -0.071 -0.059 -0.078 -0.032  0.025  0.078 -0.060 -0.098 -0.094 -0.112 -0.130 -0.170 -0.242 -0.284 -0.304 -0.283 -0.177 -0.153 -0.174 -0.077 -0.021  0.084  0.154  0.237  0.438  0.637  1.000  0.629  0.266  0.067 -0.012 -0.041 -0.038 -0.084  0.073  0.043  0.021
 -0.204 -0.081  0.082  0.368  0.504  0.459  0.291  0.213  0.065  0.094  0.143  0.189  0.153  0.062 -0.015 -0.182 -0.234 -0.285 -0.282 -0.295 -0.296 -0.227 -0.142 -0.072 -0.126 -0.083  0.039  0.029  0.033  0.096  0.097  0.076  0.074  0.070  0.067  0.058  0.074  0.076  0.056  0.091  0.153  0.150  0.243  0.302  0.249  0.053  0.038  0.037  0.089  0.073  0.062 -0.015 -0.073 -0.138 -0.233 -0.256 -0.258 -0.197 -0.134 -0.167 -0.112 -0.109 -0.093  0.069  0.264  0.629  1.000  0.615  0.397  0.241  0.149  0.063 -0.095 -0.123 -0.211 -0.213
 -0.364 -0.256 -0.145  0.135  0.425  0.537  0.531  0.462  0.266  0.293  0.279  0.233  0.180 -0.005 -0.093 -0.259 -0.334 -0.412 -0.409 -0.394 -0.332 -0.170 -0.008  0.080  0.002  0.049  0.228  0.199  0.151  0.244  0.258  0.187  0.153  0.175  0.210  0.222  0.248  0.280  0.255  0.277  0.407  0.411  0.539  0.592  0.379  0.148  0.188  0.177  0.291  0.206  0.180  0.117  0.010 -0.096 -0.262 -0.337 -0.373 -0.277 -0.214 -0.300 -0.274 -0.302 -0.292 -0.147 -0.035  0.266  0.615  1.000  0.760  0.510  0.320  0.137 -0.215 -0.325 -0.487 -0.476
 -0.412 -0.317 -0.213  0.066  0.453  0.563  0.633  0.527  0.327  0.375  0.356  0.274  0.247  0.016 -0.054 -0.230 -0.312 -0.412 -0.436 -0.385 -0.284 -0.092  0.070  0.161  0.089  0.124  0.298  0.282  0.211  0.295  0.313  0.226  0.189  0.214  0.258  0.277  0.282  0.334  0.343  0.413  0.569  0.609  0.619  0.541  0.287  0.090  0.157  0.193  0.337  0.262  0.221  0.175  0.067 -0.043 -0.229 -0.348 -0.402 -0.287 -0.244 -0.362 -0.369 -0.414 -0.420 -0.301 -0.220  0.067  0.397  0.760  1.000  0.737  0.503  0.280 -0.196 -0.409 -0.611 -0.601
 -0.343 -0.271 -0.208  0.002  0.285  0.389  0.452  0.366  0.240  0.272  0.270  0.197  0.152 -0.016 -0.074 -0.200 -0.268 -0.340 -0.350 -0.313 -0.234 -0.077  0.042  0.099  0.060  0.085  0.214  0.209  0.144  0.237  0.264  0.163  0.141  0.203  0.263  0.317  0.307  0.319  0.389  0.536  0.618  0.698  0.552  0.423  0.170  0.020  0.072  0.122  0.283  0.227  0.176  0.115  0.030 -0.041 -0.183 -0.271 -0.315 -0.222 -0.179 -0.293 -0.301 -0.352 -0.355 -0.263 -0.215 -0.012  0.241  0.510  0.737  1.000  0.773  0.531 -0.010 -0.320 -0.572 -0.608
 -0.268 -0.227 -0.185 -0.043  0.156  0.237  0.284  0.218  0.103  0.122  0.143  0.084  0.049 -0.072 -0.100 -0.189 -0.225 -0.259 -0.248 -0.213 -0.163 -0.040  0.033  0.062  0.042  0.047  0.129  0.133  0.081  0.146  0.167  0.090  0.067  0.120  0.189  0.240  0.254  0.246  0.360  0.615  0.597  0.564  0.386  0.273  0.088  0.002  0.031  0.072  0.197  0.156  0.132  0.083  0.038 -0.005 -0.108 -0.178 -0.199 -0.120 -0.092 -0.193 -0.203 -0.261 -0.275 -0.212 -0.172 -0.041  0.149  0.320  0.503  0.773  1.000  0.759  0.214 -0.153 -0.481 -0.545
 -0.122 -0.096 -0.109 -0.025  0.062  0.110  0.110  0.061  0.022  0.034  0.072  0.032  0.011 -0.043 -0.070 -0.100 -0.140 -0.155 -0.158 -0.155 -0.133 -0.078 -0.049 -0.060 -0.029  0.006  0.013  0.015  0.016  0.059  0.058  0.009 -0.008  0.031  0.086  0.148  0.201  0.161  0.259  0.605  0.432  0.462  0.250  0.128  0.011 -0.044 -0.055 -0.019  0.076  0.046 -0.003 -0.056 -0.075 -0.087 -0.127 -0.140 -0.141 -0.115 -0.086 -0.134 -0.128 -0.155 -0.140 -0.100 -0.101 -0.038  0.063  0.137  0.280  0.531  0.759  1.000  0.511  0.074 -0.324 -0.425
  0.130  0.072 -0.003 -0.130 -0.220 -0.266 -0.269 -0.240 -0.258 -0.302 -0.270 -0.276 -0.259 -0.186 -0.147 -0.044  0.008  0.115  0.156  0.173  0.100  0.065 -0.050 -0.169 -0.104 -0.099 -0.272 -0.291 -0.247 -0.322 -0.370 -0.331 -0.329 -0.366 -0.354 -0.277 -0.151 -0.147 -0.079  0.139 -0.134  0.008 -0.098 -0.139 -0.090 -0.066 -0.116 -0.101 -0.089 -0.040 -0.058 -0.116 -0.022  0.082  0.128  0.144  0.204  0.184  0.156  0.182  0.154  0.142  0.131  0.068  0.049 -0.084 -0.095 -0.215 -0.196 -0.010  0.214  0.511  1.000  0.381  0.217  0.131
  0.328  0.253  0.177  0.049 -0.220 -0.280 -0.389 -0.334 -0.300 -0.341 -0.313 -0.202 -0.224 -0.031 -0.063  0.111  0.153  0.255  0.310  0.221  0.070 -0.140 -0.280 -0.368 -0.284 -0.284 -0.471 -0.472 -0.344 -0.410 -0.473 -0.372 -0.327 -0.375 -0.420 -0.421 -0.382 -0.436 -0.369 -0.274 -0.375 -0.355 -0.359 -0.315 -0.133 -0.100 -0.180 -0.184 -0.306 -0.256 -0.303 -0.353 -0.260 -0.129  0.019  0.160  0.256  0.155  0.154  0.283  0.296  0.364  0.383  0.319  0.276  0.073 -0.123 -0.325 -0.409 -0.320 -0.153  0.074  0.381  1.000  0.632  0.395
  0.467  0.370  0.269  0.027 -0.321 -0.442 -0.533 -0.491 -0.418 -0.466 -0.440 -0.320 -0.276 -0.042 -0.017  0.185  0.251  0.401  0.433  0.366  0.179 -0.085 -0.288 -0.403 -0.303 -0.308 -0.555 -0.552 -0.411 -0.537 -0.608 -0.460 -0.407 -0.496 -0.567 -0.595 -0.558 -0.559 -0.531 -0.576 -0.638 -0.527 -0.511 -0.444 -0.212 -0.111 -0.199 -0.241 -0.424 -0.342 -0.374 -0.400 -0.256 -0.101  0.112  0.262  0.396  0.259  0.221  0.402  0.400  0.496  0.515  0.417  0.346  0.043 -0.211 -0.487 -0.611 -0.572 -0.481 -0.324  0.217  0.632  1.000  0.826
  0.453  0.364  0.265  0.008 -0.315 -0.433 -0.516 -0.446 -0.395 -0.449 -0.435 -0.327 -0.273 -0.050  0.003  0.199  0.263  0.393  0.408  0.363  0.195 -0.046 -0.245 -0.348 -0.255 -0.267 -0.501 -0.495 -0.355 -0.488 -0.565 -0.413 -0.370 -0.469 -0.539 -0.570 -0.524 -0.504 -0.518 -0.602 -0.658 -0.548 -0.511 -0.445 -0.222 -0.110 -0.196 -0.243 -0.402 -0.328 -0.339 -0.347 -0.209 -0.076  0.123  0.246  0.368  0.237  0.192  0.358  0.357  0.459  0.473  0.367  0.303  0.021 -0.213 -0.476 -0.601 -0.608 -0.545 -0.425  0.131  0.395  0.826  1.000
