  1.000  0.792  0.521  0.229 -0.196 -0.286 -0.346 -0.273 -0.270 -0.109 -0.161 -0.116 -0.055  0.255  0.333  0.636  0.642  0.632  0.468  0.304  0.210 -0.153 -0.367 -0.417 -0.277 -0.337 -0.502 -0.467 -0.387 -0.460 -0.487 -0.391 -0.315 -0.350 -0.425 -0.455 -0.466 -0.489 -0.426 -0.465 -0.533 -0.469 -0.503 -0.468 -0.321 -0.214 -0.318 -0.371 -0.493 -0.486 -0.507 -0.474 -0.386 -0.300 -0.053  0.132  0.221  0.000 -0.032  0.184  0.271  0.459  0.627  0.543  0.329  0.060 -0.219 -0.400 -0.487 -0.438 -0.310 -0.116  0.179  0.500  0.543  0.518
  0.792  1.000  0.678  0.409 -0.013 -0.141 -0.252 -0.263 -0.251 -0.028 -0.047  0.048  0.110  0.420  0.500  0.647  0.506  0.472  0.309  0.136  0.037 -0.300 -0.430 -0.459 -0.338 -0.327 -0.454 -0.431 -0.320 -0.362 -0.409 -0.314 -0.226 -0.258 -0.344 -0.385 -0.422 -0.452 -0.404 -0.438 -0.485 -0.425 -0.440 -0.406 -0.264 -0.181 -0.284 -0.336 -0.454 -0.466 -0.534 -0.520 -0.483 -0.435 -0.213  0.008  0.080 -0.145 -0.119  0.104  0.242  0.430  0.611  0.630  0.405  0.179 -0.103 -0.297 -0.403 -0.373 -0.292 -0.106  0.138  0.420  0.465  0.444
  0.521  0.678  1.000  0.688  0.263  0.153 -0.049 -0.113 -0.142 -0.116 -0.008  0.159  0.245  0.512  0.527  0.457  0.333  0.211  0.094 -0.073 -0.135 -0.365 -0.404 -0.414 -0.382 -0.326 -0.360 -0.380 -0.292 -0.258 -0.306 -0.265 -0.168 -0.166 -0.244 -0.265 -0.306 -0.324 -0.280 -0.260 -0.277 -0.225 -0.243 -0.193 -0.115 -0.090 -0.138 -0.195 -0.282 -0.328 -0.398 -0.425 -0.417 -0.389 -0.272 -0.098 -0.030 -0.142 -0.069  0.072  0.171  0.307  0.493  0.592  0.483  0.413  0.197 -0.027 -0.140 -0.143 -0.090 -0.007  0.114  0.194  0.215  0.207
  0.229  0.409  0.688  1.000  0.660  0.514  0.229  0.023  0.006  0.064  0.259  0.463  0.509  0.623  0.470  0.283  0.098 -0.069 -0.172 -0.338 -0.361 -0.480 -0.380 -0.360 -0.377 -0.248 -0.199 -0.249 -0.151 -0.043 -0.105 -0.101  0.001  0.031 -0.047 -0.074 -0.146 -0.174 -0.149 -0.089 -0.061 -0.026 -0.005  0.040  0.052  0.013 -0.012 -0.047 -0.098 -0.197 -0.315 -0.362 -0.446 -0.476 -0.449 -0.290 -0.269 -0.328 -0.200 -0.111 -0.003  0.093  0.280  0.495  0.481  0.647  0.483  0.272  0.150  0.093  0.057  0.067  0.047 -0.069 -0.060 -0.060
 -0.196 -0.013  0.263  0.660  1.000  0.822  0.532  0.255  0.172  0.152  0.393  0.558  0.616  0.425  0.288 -0.011 -0.173 -0.352 -0.414 -0.480 -0.419 -0.327 -0.113 -0.047 -0.140  0.003  0.148  0.087  0.128  0.265  0.217  0.167  0.214  0.245  0.221  0.203  0.139  0.116  0.085  0.181  0.264  0.253  0.317  0.337  0.243  0.136  0.175  0.167  0.198  0.088  0.004 -0.034 -0.172 -0.277 -0.402 -0.396 -0.444 -0.389 -0.276 -0.313 -0.249 -0.234 -0.147  0.059  0.163  0.485  0.630  0.564  0.518  0.372  0.215  0.070 -0.115 -0.409 -0.423 -0.409
 -0.286 -0.141  0.153  0.514  0.822  1.000  0.669  0.390  0.274  0.131  0.371  0.515  0.516  0.307  0.153 -0.109 -0.249 -0.421 -0.451 -0.504 -0.425 -0.281 -0.051 -0.002 -0.111  0.026  0.180  0.101  0.126  0.277  0.235  0.162  0.209  0.261  0.242  0.246  0.192  0.177  0.154  0.265  0.363  0.343  0.399  0.427  0.307  0.174  0.230  0.215  0.262  0.153  0.078  0.031 -0.112 -0.210 -0.363 -0.374 -0.436 -0.348 -0.229 -0.298 -0.251 -0.262 -0.194 -0.003  0.128  0.481  0.623  0.664  0.623  0.479  0.309  0.111 -0.115 -0.489 -0.515 -0.502
 -0.346 -0.252 -0.049  0.229  0.532  0.669  1.000  0.708  0.483  0.087  0.287  0.343  0.360  0.149  0.029 -0.173 -0.271 -0.401 -0.419 -0.422 -0.319 -0.160  0.037  0.094 -0.002  0.100  0.254  0.198  0.174  0.285  0.276  0.196  0.185  0.226  0.257  0.270  0.253  0.285  0.274  0.309  0.426  0.406  0.438  0.424  0.267  0.144  0.219  0.193  0.254  0.170  0.117  0.094 -0.019 -0.115 -0.275 -0.334 -0.396 -0.295 -0.216 -0.312 -0.299 -0.321 -0.300 -0.182 -0.084  0.196  0.384  0.606  0.595  0.453  0.255  0.064 -0.203 -0.522 -0.529 -0.507
 -0.273 -0.263 -0.113  0.023  0.255  0.390  0.708  1.000  0.686  0.028  0.165  0.129  0.084 -0.055 -0.117 -0.184 -0.204 -0.256 -0.239 -0.213 -0.150 -0.033  0.053  0.085  0.010  0.033  0.141  0.102  0.048  0.114  0.137  0.069  0.047  0.082  0.119  0.156  0.183  0.221  0.214  0.211  0.288  0.275  0.297  0.303  0.188  0.102  0.161  0.135  0.176  0.128  0.128  0.110  0.075  0.031 -0.083 -0.164 -0.192 -0.102 -0.079 -0.162 -0.190 -0.224 -0.243 -0.199 -0.104  0.059  0.239  0.442  0.416  0.273  0.169  0.003 -0.148 -0.412 -0.426 -0.404
 -0.270 -0.251 -0.142  0.006  0.172  0.274  0.483  0.686  1.000  0.285  0.310  0.262  0.149  0.012 -0.064 -0.133 -0.206 -0.263 -0.256 -0.226 -0.164 -0.039  0.057  0.088  0.029  0.058  0.149  0.112  0.051  0.092  0.117  0.052  0.011  0.035  0.077  0.109  0.159  0.226  0.227  0.185  0.252  0.270  0.262  0.227  0.119  0.059  0.103  0.104  0.170  0.126  0.108  0.092  0.046  0.001 -0.109 -0.192 -0.213 -0.123 -0.109 -0.185 -0.233 -0.261 -0.261 -0.203 -0.150  0.013  0.143  0.307  0.307  0.207  0.081 -0.016 -0.160 -0.398 -0.386 -0.361
 -0.109 -0.028 -0.116  0.064  0.152  0.131  0.087  0.028  0.285  1.000  0.677  0.439  0.250  0.141  0.051  0.013 -0.080 -0.132 -0.190 -0.208 -0.174 -0.159 -0.067 -0.023 -0.032  0.016  0.070  0.063  0.077  0.105  0.102  0.094  0.107  0.132  0.113  0.076  0.049  0.040  0.039  0.004  0.015  0.017  0.050  0.008 -0.039 -0.045 -0.048  0.004  0.051 -0.005 -0.055 -0.048 -0.137 -0.204 -0.237 -0.225 -0.248 -0.266 -0.228 -0.225 -0.184 -0.157 -0.135 -0.078 -0.110 -0.013 -0.022  0.005  0.031  0.010 -0.055 -0.023 -0.151 -0.141 -0.131 -0.129
 -0.161 -0.047 -0.008  0.259  0.393  0.371  0.287  0.165  0.310  0.677  1.000  0.758  0.559  0.363  0.177  0.024 -0.116 -0.250 -0.317 -0.367 -0.317 -0.273 -0.109 -0.044 -0.083  0.018  0.115  0.091  0.133  0.209  0.190  0.181  0.214  0.248  0.217  0.159  0.104  0.084  0.058  0.062  0.099  0.089  0.141  0.098  0.029  0.000  0.017  0.038  0.090  0.002 -0.074 -0.071 -0.206 -0.307 -0.374 -0.351 -0.394 -0.393 -0.312 -0.316 -0.261 -0.232 -0.175 -0.052 -0.055  0.122  0.130  0.180  0.191  0.125  0.010 -0.001 -0.170 -0.266 -0.262 -0.252
 -0.116  0.048  0.159  0.463  0.558  0.515  0.343  0.129  0.262  0.439  0.758  1.000  0.787  0.593  0.352  0.125 -0.075 -0.270 -0.372 -0.452 -0.385 -0.368 -0.173 -0.100 -0.132 -0.003  0.097  0.065  0.129  0.214  0.173  0.164  0.207  0.234  0.194  0.138  0.076  0.064  0.039  0.055  0.106  0.100  0.141  0.095  0.032 -0.007  0.005  0.016  0.050 -0.049 -0.154 -0.152 -0.310 -0.426 -0.486 -0.438 -0.483 -0.497 -0.398 -0.383 -0.308 -0.242 -0.145  0.037  0.028  0.233  0.211  0.244  0.221  0.142 -0.001  0.011 -0.146 -0.240 -0.224 -0.213
 -0.055  0.110  0.245  0.509  0.616  0.516  0.360  0.084  0.149  0.250  0.559  0.787  1.000  0.769  0.522  0.235  0.025 -0.209 -0.347 -0.427 -0.338 -0.332 -0.149 -0.057 -0.080  0.043  0.131  0.110  0.171  0.236  0.186  0.184  0.220  0.226  0.198  0.131  0.072  0.060  0.024  0.048  0.103  0.083  0.117  0.068  0.007 -0.007  0.001 -0.008  0.013 -0.083 -0.170 -0.139 -0.286 -0.419 -0.476 -0.444 -0.495 -0.522 -0.437 -0.418 -0.336 -0.259 -0.136  0.042  0.007  0.205  0.199  0.229  0.231  0.150 -0.007  0.005 -0.153 -0.227 -0.204 -0.189
  0.255  0.420  0.512  0.623  0.425  0.307  0.149 -0.055  0.012  0.141  0.363  0.593  0.769  1.000  0.751  0.495  0.265  0.032 -0.142 -0.281 -0.247 -0.391 -0.296 -0.231 -0.205 -0.103 -0.083 -0.097 -0.014  0.022 -0.035 -0.013  0.051  0.055 -0.002 -0.060 -0.113 -0.126 -0.130 -0.139 -0.122 -0.119 -0.114 -0.152 -0.137 -0.102 -0.137 -0.168 -0.204 -0.281 -0.376 -0.336 -0.434 -0.524 -0.473 -0.360 -0.363 -0.478 -0.405 -0.299 -0.186 -0.043  0.141  0.304  0.179  0.257  0.087  0.015 -0.022 -0.057 -0.132 -0.018 -0.043  0.021  0.060  0.065
  0.333  0.500  0.527  0.470  0.288  0.153  0.029 -0.117 -0.064  0.051  0.177  0.352  0.522  0.751  1.000  0.685  0.425  0.182 -0.030 -0.133 -0.070 -0.229 -0.199 -0.139 -0.099 -0.030 -0.050 -0.058 -0.006 -0.009 -0.064 -0.042  0.001 -0.021 -0.062 -0.101 -0.133 -0.128 -0.131 -0.162 -0.150 -0.159 -0.170 -0.220 -0.208 -0.136 -0.174 -0.205 -0.241 -0.288 -0.331 -0.255 -0.305 -0.393 -0.330 -0.264 -0.274 -0.393 -0.375 -0.273 -0.174 -0.030  0.162  0.261  0.095  0.119 -0.009 -0.098 -0.115 -0.132 -0.180 -0.059 -0.043  0.072  0.112  0.121
  0.636  0.647  0.457  0.283 -0.011 -0.109 -0.173 -0.184 -0.133  0.013  0.024  0.125  0.235  0.495  0.685  1.000  0.715  0.493  0.269  0.159  0.170 -0.124 -0.244 -0.236 -0.138 -0.165 -0.252 -0.234 -0.197 -0.248 -0.280 -0.229 -0.183 -0.208 -0.258 -0.288 -0.298 -0.297 -0.265 -0.310 -0.345 -0.326 -0.363 -0.404 -0.348 -0.235 -0.304 -0.336 -0.397 -0.408 -0.429 -0.348 -0.330 -0.333 -0.154 -0.056 -0.020 -0.213 -0.264 -0.111 -0.016  0.158  0.366  0.348  0.100 -0.021 -0.215 -0.318 -0.337 -0.312 -0.276 -0.084  0.066  0.297  0.338  0.331
  0.642  0.506  0.333  0.098 -0.173 -0.249 -0.271 -0.204 -0.206 -0.080 -0.116 -0.075  0.025  0.265  0.425  0.715  1.000  0.779  0.495  0.381  0.431  0.081 -0.127 -0.139 -0.047 -0.158 -0.270 -0.243 -0.247 -0.331 -0.343 -0.293 -0.262 -0.297 -0.334 -0.353 -0.338 -0.338 -0.298 -0.354 -0.396 -0.385 -0.417 -0.427 -0.347 -0.221 -0.288 -0.323 -0.395 -0.377 -0.338 -0.242 -0.160 -0.121  0.089  0.158  0.173 -0.016 -0.116  0.008  0.072  0.195  0.339  0.243  0.065 -0.116 -0.290 -0.389 -0.406 -0.373 -0.301 -0.142  0.070  0.352  0.381  0.364
  0.632  0.472  0.211 -0.069 -0.352 -0.421 -0.401 -0.256 -0.263 -0.132 -0.250 -0.270 -0.209  0.032  0.182  0.493  0.779  1.000  0.759  0.634  0.580  0.182 -0.127 -0.179 -0.037 -0.211 -0.392 -0.332 -0.335 -0.454 -0.452 -0.377 -0.350 -0.398 -0.436 -0.445 -0.419 -0.423 -0.364 -0.428 -0.496 -0.460 -0.506 -0.490 -0.369 -0.234 -0.318 -0.362 -0.448 -0.401 -0.340 -0.259 -0.102  0.007  0.282  0.374  0.434  0.228  0.094  0.236  0.243  0.313  0.383  0.237  0.088 -0.185 -0.365 -0.491 -0.522 -0.468 -0.342 -0.178  0.125  0.462  0.496  0.476
  0.468  0.309  0.094 -0.172 -0.414 -0.451 -0.419 -0.239 -0.256 -0.190 -0.317 -0.372 -0.347 -0.142 -0.030  0.269  0.495  0.759  1.000  0.768  0.559  0.216 -0.094 -0.186 -0.075 -0.246 -0.421 -0.366 -0.370 -0.480 -0.470 -0.397 -0.373 -0.412 -0.444 -0.439 -0.405 -0.410 -0.345 -0.393 -0.469 -0.415 -0.460 -0.418 -0.280 -0.182 -0.255 -0.298 -0.369 -0.310 -0.237 -0.205 -0.013  0.156  0.448  0.588  0.655  0.463  0.322  0.439  0.398  0.378  0.348  0.197  0.141 -0.148 -0.316 -0.443 -0.488 -0.427 -0.281 -0.173  0.138  0.429  0.450  0.425
  0.304  0.136 -0.073 -0.338 -0.480 -0.504 -0.422 -0.213 -0.226 -0.208 -0.367 -0.452 -0.427 -0.281 -0.133  0.159  0.381  0.634  0.768  1.000  0.787  0.469  0.126  0.031  0.128 -0.096 -0.267 -0.207 -0.272 -0.409 -0.382 -0.339 -0.354 -0.397 -0.398 -0.380 -0.317 -0.303 -0.247 -0.311 -0.378 -0.349 -0.394 -0.379 -0.288 -0.192 -0.241 -0.256 -0.283 -0.193 -0.073 -0.007  0.199  0.366  0.620  0.603  0.661  0.531  0.340  0.397  0.303  0.231  0.167 -0.007 -0.040 -0.300 -0.370 -0.456 -0.451 -0.395 -0.265 -0.187  0.088  0.367  0.376  0.354
  0.210  0.037 -0.135 -0.361 -0.419 -0.425 -0.319 -0.150 -0.164 -0.174 -0.317 -0.385 -0.338 -0.247 -0.070  0.170  0.431  0.580  0.559  0.787  1.000  0.724  0.372  0.278  0.372  0.116 -0.052 -0.003 -0.123 -0.272 -0.251 -0.245 -0.290 -0.328 -0.302 -0.274 -0.199 -0.170 -0.137 -0.191 -0.237 -0.249 -0.282 -0.307 -0.278 -0.196 -0.218 -0.202 -0.182 -0.076  0.073  0.196  0.355  0.467  0.636  0.500  0.458  0.376  0.164  0.162  0.093  0.044  0.003 -0.149 -0.196 -0.371 -0.372 -0.393 -0.341 -0.293 -0.216 -0.163  0.002  0.217  0.215  0.207
 -0.153 -0.300 -0.365 -0.480 -0.327 -0.281 -0.160 -0.033 -0.039 -0.159 -0.273 -0.368 -0.332 -0.391 -0.229 -0.124  0.081  0.182  0.216  0.469  0.724  1.000  0.752  0.639  0.670  0.455  0.285  0.292  0.139 -0.007 -0.005 -0.047 -0.128 -0.158 -0.101 -0.056  0.027  0.074  0.054  0.034  0.038 -0.019  0.004 -0.028 -0.075 -0.064 -0.023  0.041  0.139  0.276  0.462  0.601  0.684  0.728  0.672  0.400  0.282  0.362  0.167  0.037 -0.067 -0.187 -0.291 -0.409 -0.365 -0.391 -0.238 -0.168 -0.076 -0.063 -0.059 -0.133 -0.105 -0.088 -0.114 -0.102
 -0.367 -0.430 -0.404 -0.380 -0.113 -0.051  0.037  0.053  0.057 -0.067 -0.109 -0.173 -0.149 -0.296 -0.199 -0.244 -0.127 -0.127 -0.094  0.126  0.372  0.752  1.000  0.832  0.683  0.614  0.584  0.500  0.302  0.214  0.213  0.121  0.016  0.011  0.089  0.137  0.227  0.302  0.237  0.214  0.266  0.191  0.269  0.222  0.132  0.080  0.153  0.250  0.393  0.513  0.636  0.759  0.665  0.607  0.421  0.168 -0.007  0.144  0.057 -0.142 -0.218 -0.339 -0.443 -0.483 -0.391 -0.276 -0.057  0.080  0.170  0.144  0.072 -0.079 -0.202 -0.348 -0.384 -0.363
 -0.417 -0.459 -0.414 -0.360 -0.047 -0.002  0.094  0.085  0.088 -0.023 -0.044 -0.100 -0.057 -0.231 -0.139 -0.236 -0.139 -0.179 -0.186  0.031  0.278  0.639  0.832  1.000  0.818  0.630  0.716  0.690  0.452  0.363  0.380  0.284  0.163  0.144  0.231  0.251  0.304  0.366  0.264  0.253  0.335  0.179  0.255  0.212  0.102  0.088  0.162  0.249  0.375  0.467  0.610  0.773  0.684  0.523  0.310  0.014 -0.154  0.009 -0.079 -0.292 -0.351 -0.441 -0.525 -0.552 -0.475 -0.314 -0.059  0.098  0.210  0.153  0.054 -0.092 -0.273 -0.404 -0.431 -0.398
 -0.277 -0.338 -0.382 -0.377 -0.140 -0.111 -0.002  0.010  0.029 -0.032 -0.083 -0.132 -0.080 -0.205 -0.099 -0.138 -0.047 -0.037 -0.075  0.128  0.372  0.670  0.683  0.818  1.000  0.757  0.602  0.670  0.525  0.328  0.311  0.268  0.141  0.084  0.157  0.156  0.213  0.261  0.179  0.159  0.211  0.079  0.108  0.033 -0.075 -0.058 -0.010  0.063  0.175  0.268  0.415  0.585  0.553  0.427  0.300  0.038 -0.095 -0.004 -0.128 -0.272 -0.327 -0.387 -0.442 -0.486 -0.473 -0.378 -0.194 -0.065  0.058  0.036 -0.043 -0.101 -0.207 -0.240 -0.254 -0.226
 -0.337 -0.327 -0.326 -0.248  0.003  0.026  0.100  0.033  0.058  0.016  0.018 -0.003  0.043 -0.103 -0.030 -0.165 -0.158 -0.211 -0.246 -0.096  0.116  0.455  0.614  0.630  0.757  1.000  0.745  0.653  0.640  0.511  0.402  0.353  0.245  0.178  0.227  0.221  0.279  0.351  0.248  0.202  0.269  0.186  0.237  0.145  0.030  0.005  0.062  0.117  0.223  0.270  0.331  0.468  0.373  0.236  0.064 -0.126 -0.244 -0.148 -0.196 -0.318 -0.354 -0.402 -0.441 -0.419 -0.389 -0.237 -0.072  0.067  0.154  0.112 -0.006 -0.077 -0.216 -0.320 -0.324 -0.293
 -0.502 -0.454 -0.360 -0.199  0.148  0.180  0.254  0.141  0.149  0.070  0.115  0.097  0.131 -0.083 -0.050 -0.252 -0.270 -0.392 -0.421 -0.267 -0.052  0.285  0.584  0.716  0.602  0.745  1.000  0.855  0.657  0.681  0.676  0.523  0.385  0.392  0.485  0.495  0.542  0.613  0.475  0.413  0.511  0.353  0.408  0.318  0.154  0.109  0.198  0.255  0.384  0.396  0.446  0.563  0.408  0.205 -0.036 -0.262 -0.405 -0.246 -0.250 -0.440 -0.471 -0.527 -0.573 -0.517 -0.446 -0.189  0.062  0.257  0.365  0.294  0.142 -0.005 -0.298 -0.551 -0.575 -0.534
 -0.467 -0.431 -0.380 -0.249  0.087  0.101  0.198  0.102  0.112  0.063  0.091  0.065  0.110 -0.097 -0.058 -0.234 -0.243 -0.332 -0.366 -0.207 -0.003  0.292  0.500  0.690  0.670  0.653  0.855  1.000  0.790  0.683  0.741  0.653  0.472  0.429  0.537  0.498  0.520  0.549  0.411  0.372  0.453  0.271  0.293  0.193  0.023  0.021  0.097  0.152  0.277  0.300  0.387  0.506  0.397  0.200 -0.007 -0.245 -0.371 -0.233 -0.272 -0.446 -0.484 -0.531 -0.575 -0.540 -0.498 -0.280 -0.039  0.141  0.274  0.216  0.078 -0.026 -0.294 -0.469 -0.488 -0.448
 -0.387 -0.320 -0.292 -0.151  0.128  0.126  0.174  0.048  0.051  0.077  0.133  0.129  0.171 -0.014 -0.006 -0.197 -0.247 -0.335 -0.370 -0.272 -0.123  0.139  0.302  0.452  0.525  0.640  0.657  0.790  1.000  0.823  0.701  0.757  0.659  0.513  0.522  0.405  0.340  0.348  0.198  0.203  0.311  0.145  0.179  0.098 -0.027 -0.012  0.034  0.068  0.148  0.147  0.210  0.317  0.221  0.041 -0.135 -0.303 -0.391 -0.297 -0.315 -0.423 -0.437 -0.450 -0.465 -0.401 -0.375 -0.184 -0.031  0.096  0.186  0.112 -0.020 -0.079 -0.257 -0.341 -0.339 -0.303
 -0.460 -0.362 -0.258 -0.043  0.265  0.277  0.285  0.114  0.092  0.105  0.209  0.214  0.236  0.022 -0.009 -0.248 -0.331 -0.454 -0.480 -0.409 -0.272 -0.007  0.214  0.363  0.328  0.511  0.681  0.683  0.823  1.000  0.862  0.783  0.754  0.724  0.707  0.635  0.516  0.490  0.350  0.370  0.477  0.283  0.305  0.240  0.091  0.069  0.139  0.156  0.235  0.183  0.205  0.281  0.155 -0.036 -0.246 -0.390 -0.475 -0.356 -0.324 -0.446 -0.447 -0.464 -0.471 -0.370 -0.309 -0.058  0.116  0.275  0.357  0.291  0.143  0.025 -0.253 -0.497 -0.520 -0.485
 -0.487 -0.409 -0.306 -0.105  0.217  0.235  0.276  0.137  0.117  0.102  0.190  0.173  0.186 -0.035 -0.064 -0.280 -0.343 -0.452 -0.470 -0.382 -0.251 -0.005  0.213  0.380  0.311  0.402  0.676  0.741  0.701  0.862  1.000  0.854  0.716  0.742  0.815  0.754  0.685  0.632  0.501  0.480  0.528  0.341  0.326  0.247  0.074  0.060  0.139  0.159  0.253  0.206  0.242  0.299  0.184  0.003 -0.206 -0.366 -0.448 -0.316 -0.292 -0.432 -0.454 -0.488 -0.514 -0.433 -0.373 -0.126  0.078  0.257  0.367  0.323  0.183  0.061 -0.265 -0.538 -0.573 -0.537
 -0.391 -0.314 -0.265 -0.101  0.167  0.162  0.196  0.069  0.052  0.094  0.181  0.164  0.184 -0.013 -0.042 -0.229 -0.293 -0.377 -0.397 -0.339 -0.245 -0.047  0.121  0.284  0.268  0.353  0.523  0.653  0.757  0.783  0.854  1.000  0.856  0.721  0.741  0.568  0.436  0.392  0.246  0.253  0.332  0.154  0.171  0.119  0.005  0.030  0.076  0.088  0.140  0.102  0.143  0.210  0.117 -0.050 -0.214 -0.340 -0.399 -0.308 -0.295 -0.391 -0.400 -0.408 -0.425 -0.353 -0.317 -0.127  0.015  0.138  0.216  0.146  0.023 -0.049 -0.260 -0.369 -0.378 -0.345
 -0.315 -0.226 -0.168  0.001  0.214  0.209  0.185  0.047  0.011  0.107  0.214  0.207  0.220  0.051  0.001 -0.183 -0.262 -0.350 -0.373 -0.354 -0.290 -0.128  0.016  0.163  0.141  0.245  0.385  0.472  0.659  0.754  0.716  0.856  1.000  0.845  0.716  0.541  0.286  0.223  0.094  0.147  0.263  0.075  0.114  0.103  0.027  0.045  0.075  0.077  0.098  0.042  0.064  0.127  0.031 -0.122 -0.259 -0.338 -0.384 -0.319 -0.285 -0.349 -0.328 -0.315 -0.308 -0.222 -0.186 -0.015  0.074  0.157  0.198  0.129  0.020 -0.053 -0.220 -0.313 -0.326 -0.302
 -0.350 -0.258 -0.166  0.031  0.245  0.261  0.226  0.082  0.035  0.132  0.248  0.234  0.226  0.055 -0.021 -0.208 -0.297 -0.398 -0.412 -0.397 -0.328 -0.158  0.011  0.144  0.084  0.178  0.392  0.429  0.513  0.724  0.742  0.721  0.845  1.000  0.884  0.771  0.497  0.379  0.278  0.320  0.399  0.196  0.205  0.188  0.080  0.066  0.117  0.121  0.162  0.087  0.090  0.129  0.012 -0.133 -0.285 -0.354 -0.406 -0.326 -0.267 -0.347 -0.321 -0.323 -0.314 -0.220 -0.171  0.020  0.127  0.244  0.301  0.273  0.169  0.062 -0.205 -0.423 -0.463 -0.441
 -0.425 -0.344 -0.244 -0.047  0.221  0.242  0.257  0.119  0.077  0.113  0.217  0.194  0.198 -0.002 -0.062 -0.258 -0.334 -0.436 -0.444 -0.398 -0.302 -0.101  0.089  0.231  0.157  0.227  0.485  0.537  0.522  0.707  0.815  0.741  0.716  0.884  1.000  0.894  0.698  0.558  0.448  0.474  0.511  0.313  0.288  0.237  0.081  0.063  0.137  0.147  0.222  0.151  0.167  0.203  0.085 -0.071 -0.251 -0.358 -0.423 -0.314 -0.265 -0.380 -0.378 -0.402 -0.413 -0.330 -0.277 -0.062  0.103  0.268  0.368  0.361  0.248  0.130 -0.232 -0.506 -0.551 -0.521
 -0.455 -0.385 -0.265 -0.074  0.203  0.246  0.270  0.156  0.109  0.076  0.159  0.138  0.131 -0.060 -0.101 -0.288 -0.353 -0.445 -0.439 -0.380 -0.274 -0.056  0.137  0.251  0.156  0.221  0.495  0.498  0.405  0.635  0.754  0.568  0.541  0.771  0.894  1.000  0.836  0.666  0.566  0.598  0.601  0.428  0.378  0.316  0.137  0.084  0.176  0.191  0.289  0.221  0.228  0.238  0.126 -0.009 -0.202 -0.319 -0.390 -0.258 -0.204 -0.341 -0.353 -0.401 -0.428 -0.354 -0.283 -0.058  0.136  0.327  0.434  0.461  0.351  0.213 -0.202 -0.564 -0.618 -0.587
 -0.466 -0.422 -0.306 -0.146  0.139  0.192  0.253  0.183  0.159  0.049  0.104  0.076  0.072 -0.113 -0.133 -0.298 -0.338 -0.419 -0.405 -0.317 -0.199  0.027  0.227  0.304  0.213  0.279  0.542  0.520  0.340  0.516  0.685  0.436  0.286  0.497  0.698  0.836  1.000  0.864  0.725  0.671  0.597  0.489  0.412  0.316  0.117  0.063  0.161  0.180  0.303  0.266  0.288  0.281  0.182  0.067 -0.126 -0.267 -0.340 -0.194 -0.159 -0.313 -0.358 -0.425 -0.472 -0.421 -0.350 -0.132  0.089  0.293  0.414  0.442  0.342  0.219 -0.172 -0.555 -0.604 -0.571
 -0.489 -0.452 -0.324 -0.174  0.116  0.177  0.285  0.221  0.226  0.040  0.084  0.064  0.060 -0.126 -0.128 -0.297 -0.338 -0.423 -0.410 -0.303 -0.170  0.074  0.302  0.366  0.261  0.351  0.613  0.549  0.348  0.490  0.632  0.392  0.223  0.379  0.558  0.666  0.864  1.000  0.837  0.642  0.621  0.548  0.466  0.340  0.134  0.068  0.174  0.200  0.334  0.316  0.327  0.325  0.220  0.105 -0.100 -0.262 -0.336 -0.177 -0.152 -0.315 -0.383 -0.460 -0.513 -0.462 -0.392 -0.159  0.072  0.288  0.401  0.415  0.293  0.166 -0.195 -0.556 -0.597 -0.560
 -0.426 -0.404 -0.280 -0.149  0.085  0.154  0.274  0.214  0.227  0.039  0.058  0.039  0.024 -0.130 -0.131 -0.265 -0.298 -0.364 -0.345 -0.247 -0.137  0.054  0.237  0.264  0.179  0.248  0.475  0.411  0.198  0.350  0.501  0.246  0.094  0.278  0.448  0.566  0.725  0.837  1.000  0.757  0.678  0.642  0.497  0.337  0.112  0.015  0.128  0.159  0.303  0.287  0.271  0.238  0.161  0.092 -0.081 -0.208 -0.261 -0.118 -0.087 -0.231 -0.306 -0.391 -0.441 -0.402 -0.344 -0.146  0.062  0.276  0.411  0.489  0.415  0.290 -0.099 -0.498 -0.574 -0.558
 -0.465 -0.438 -0.260 -0.089  0.181  0.265  0.309  0.211  0.185  0.004  0.062  0.055  0.048 -0.139 -0.162 -0.310 -0.354 -0.428 -0.393 -0.311 -0.191  0.034  0.214  0.253  0.159  0.202  0.413  0.372  0.203  0.370  0.480  0.253  0.147  0.320  0.474  0.598  0.671  0.642  0.757  1.000  0.841  0.751  0.588  0.435  0.177  0.037  0.171  0.218  0.377  0.333  0.305  0.258  0.173  0.101 -0.097 -0.223 -0.289 -0.122 -0.065 -0.233 -0.288 -0.385 -0.433 -0.380 -0.292 -0.063  0.179  0.396  0.579  0.690  0.660  0.517  0.000 -0.549 -0.666 -0.663
 -0.533 -0.485 -0.277 -0.061  0.264  0.363  0.426  0.288  0.252  0.015  0.099  0.106  0.103 -0.122 -0.150 -0.345 -0.396 -0.496 -0.469 -0.378 -0.237  0.038  0.266  0.335  0.211  0.269  0.511  0.453  0.311  0.477  0.528  0.332  0.263  0.399  0.511  0.601  0.597  0.621  0.678  0.841  1.000  0.806  0.682  0.536  0.259  0.093  0.243  0.294  0.457  0.404  0.369  0.334  0.214  0.113 -0.125 -0.276 -0.363 -0.176 -0.110 -0.300 -0.346 -0.447 -0.490 -0.409 -0.298 -0.016  0.265  0.520  0.695  0.750  0.638  0.410 -0.106 -0.628 -0.738 -0.728
 -0.469 -0.425 -0.225 -0.026  0.253  0.343  0.406  0.275  0.270  0.017  0.089  0.100  0.083 -0.119 -0.159 -0.326 -0.385 -0.460 -0.415 -0.349 -0.249 -0.019  0.191  0.179  0.079  0.186  0.353  0.271  0.145  0.283  0.341  0.154  0.075  0.196  0.313  0.428  0.489  0.548  0.642  0.751  0.806  1.000  0.816  0.594  0.297  0.071  0.214  0.268  0.457  0.420  0.323  0.211  0.115  0.084 -0.124 -0.222 -0.275 -0.105 -0.023 -0.178 -0.243 -0.356 -0.405 -0.328 -0.223  0.030  0.288  0.530  0.696  0.790  0.637  0.440 -0.035 -0.560 -0.653 -0.649
 -0.503 -0.440 -0.243 -0.005  0.317  0.399  0.438  0.297  0.262  0.050  0.141  0.141  0.117 -0.114 -0.170 -0.363 -0.417 -0.506 -0.460 -0.394 -0.282  0.004  0.269  0.255  0.108  0.237  0.408  0.293  0.179  0.305  0.326  0.171  0.114  0.205  0.288  0.378  0.412  0.466  0.497  0.588  0.682  0.816  1.000  0.807  0.500  0.204  0.349  0.406  0.603  0.560  0.435  0.325  0.181  0.118 -0.124 -0.236 -0.320 -0.135 -0.036 -0.212 -0.248 -0.356 -0.409 -0.317 -0.180  0.099  0.397  0.654  0.724  0.693  0.508  0.257 -0.131 -0.599 -0.676 -0.665
 -0.468 -0.406 -0.193  0.040  0.337  0.427  0.424  0.303  0.227  0.008  0.098  0.095  0.068 -0.152 -0.220 -0.404 -0.427 -0.490 -0.418 -0.379 -0.307 -0.028  0.222  0.212  0.033  0.145  0.318  0.193  0.098  0.240  0.247  0.119  0.103  0.188  0.237  0.316  0.316  0.340  0.337  0.435  0.536  0.594  0.807  1.000  0.777  0.437  0.577  0.619  0.670  0.550  0.428  0.322  0.190  0.131 -0.105 -0.192 -0.270 -0.096  0.012 -0.147 -0.151 -0.240 -0.297 -0.211 -0.039  0.220  0.510  0.732  0.677  0.589  0.418  0.128 -0.159 -0.585 -0.653 -0.640
 -0.321 -0.264 -0.115  0.052  0.243  0.307  0.267  0.188  0.119 -0.039  0.029  0.032  0.007 -0.137 -0.208 -0.348 -0.347 -0.369 -0.280 -0.288 -0.278 -0.075  0.132  0.102 -0.075  0.030  0.154  0.023 -0.027  0.091  0.074  0.005  0.027  0.080  0.081  0.137  0.117  0.134  0.112  0.177  0.259  0.297  0.500  0.777  1.000  0.695  0.625  0.619  0.506  0.450  0.335  0.226  0.111  0.084 -0.081 -0.096 -0.166 -0.052  0.063 -0.037  0.006 -0.033 -0.106 -0.051  0.133  0.303  0.476  0.560  0.434  0.326  0.219 -0.015 -0.122 -0.403 -0.438 -0.429
 -0.214 -0.181 -0.090  0.013  0.136  0.174  0.144  0.102  0.059 -0.045  0.000 -0.007 -0.007 -0.102 -0.136 -0.235 -0.221 -0.234 -0.182 -0.192 -0.196 -0.064  0.080  0.088 -0.058  0.005  0.109  0.021 -0.012  0.069  0.060  0.030  0.045  0.066  0.063  0.084  0.063  0.068  0.015  0.037  0.093  0.071  0.204  0.437  0.695  1.000  0.748  0.534  0.314  0.251  0.210  0.175  0.100  0.047 -0.067 -0.085 -0.131 -0.064  0.000 -0.055 -0.022 -0.037 -0.085 -0.063  0.041  0.142  0.277  0.332  0.218  0.108  0.052 -0.113 -0.136 -0.276 -0.272 -0.259
 -0.318 -0.284 -0.138 -0.012  0.175  0.230  0.219  0.161  0.103 -0.048  0.017  0.005  0.001 -0.137 -0.174 -0.304 -0.288 -0.318 -0.255 -0.241 -0.218 -0.023  0.153  0.162 -0.010  0.062  0.198  0.097  0.034  0.139  0.139  0.076  0.075  0.117  0.137  0.176  0.161  0.174  0.128  0.171  0.243  0.214  0.349  0.577  0.625  0.748  1.000  0.734  0.502  0.336  0.272  0.251  0.169  0.107 -0.054 -0.108 -0.164 -0.055  0.014 -0.079 -0.073 -0.121 -0.177 -0.143 -0.028  0.110  0.299  0.422  0.345  0.247  0.164 -0.046 -0.160 -0.393 -0.412 -0.398
 -0.371 -0.336 -0.195 -0.047  0.167  0.215  0.193  0.135  0.104  0.004  0.038  0.016 -0.008 -0.168 -0.205 -0.336 -0.323 -0.362 -0.298 -0.256 -0.202  0.041  0.250  0.249  0.063  0.117  0.255  0.152  0.068  0.156  0.159  0.088  0.077  0.121  0.147  0.191  0.180  0.200  0.159  0.218  0.294  0.268  0.406  0.619  0.619  0.534  0.734  1.000  0.755  0.543  0.407  0.364  0.232  0.166 -0.027 -0.109 -0.190 -0.048  0.033 -0.101 -0.107 -0.175 -0.244 -0.202 -0.080  0.091  0.286  0.390  0.358  0.288  0.207 -0.011 -0.145 -0.410 -0.464 -0.450
 -0.493 -0.454 -0.282 -0.098  0.198  0.262  0.254  0.176  0.170  0.051  0.090  0.050  0.013 -0.204 -0.241 -0.397 -0.395 -0.448 -0.369 -0.283 -0.182  0.139  0.393  0.375  0.175  0.223  0.384  0.277  0.148  0.235  0.253  0.140  0.098  0.162  0.222  0.289  0.303  0.334  0.303  0.377  0.457  0.457  0.603  0.670  0.506  0.314  0.502  0.755  1.000  0.784  0.597  0.506  0.334  0.281  0.035 -0.097 -0.202  0.002  0.091 -0.111 -0.158 -0.290 -0.383 -0.330 -0.180  0.052  0.304  0.462  0.491  0.448  0.327  0.084 -0.162 -0.535 -0.600 -0.584
 -0.486 -0.466 -0.328 -0.197  0.088  0.153  0.170  0.128  0.126 -0.005  0.002 -0.049 -0.083 -0.281 -0.288 -0.408 -0.377 -0.401 -0.310 -0.193 -0.076  0.276  0.513  0.467  0.268  0.270  0.396  0.300  0.147  0.183  0.206  0.102  0.042  0.087  0.151  0.221  0.266  0.316  0.287  0.333  0.404  0.420  0.560  0.550  0.450  0.251  0.336  0.543  0.784  1.000  0.824  0.650  0.454  0.434  0.173  0.011 -0.115  0.113  0.189 -0.045 -0.107 -0.262 -0.398 -0.375 -0.215 -0.012  0.236  0.352  0.404  0.376  0.274  0.041 -0.157 -0.468 -0.532 -0.516
 -0.507 -0.534 -0.398 -0.315  0.004  0.078  0.117  0.128  0.108 -0.055 -0.074 -0.154 -0.170 -0.376 -0.331 -0.429 -0.338 -0.340 -0.237 -0.073  0.073  0.462  0.636  0.610  0.415  0.331  0.446  0.387  0.210  0.205  0.242  0.143  0.064  0.090  0.167  0.228  0.288  0.327  0.271  0.305  0.369  0.323  0.435  0.428  0.335  0.210  0.272  0.407  0.597  0.824  1.000  0.848  0.695  0.649  0.361  0.117 -0.027  0.230  0.230 -0.040 -0.132 -0.305 -0.465 -0.482 -0.305 -0.122  0.155  0.268  0.338  0.303  0.224 -0.014 -0.178 -0.447 -0.508 -0.488
 -0.474 -0.520 -0.425 -0.362 -0.034  0.031  0.094  0.110  0.092 -0.048 -0.071 -0.152 -0.139 -0.336 -0.255 -0.348 -0.242 -0.259 -0.205 -0.007  0.196  0.601  0.759  0.773  0.585  0.468  0.563  0.506  0.317  0.281  0.299  0.210  0.127  0.129  0.203  0.238  0.281  0.325  0.238  0.258  0.334  0.211  0.325  0.322  0.226  0.175  0.251  0.364  0.506  0.650  0.848  1.000  0.829  0.677  0.393  0.093 -0.079  0.151  0.081 -0.180 -0.255 -0.389 -0.515 -0.537 -0.401 -0.227  0.047  0.179  0.266  0.209  0.130 -0.076 -0.229 -0.433 -0.475 -0.448
 -0.386 -0.483 -0.417 -0.446 -0.172 -0.112 -0.019  0.075  0.046 -0.137 -0.206 -0.310 -0.286 -0.434 -0.305 -0.330 -0.160 -0.102 -0.013  0.199  0.355  0.684  0.665  0.684  0.553  0.373  0.408  0.397  0.221  0.155  0.184  0.117  0.031  0.012  0.085  0.126  0.182  0.220  0.161  0.173  0.214  0.115  0.181  0.190  0.111  0.100  0.169  0.232  0.334  0.454  0.695  0.829  1.000  0.839  0.591  0.282  0.154  0.356  0.209 -0.016 -0.131 -0.281 -0.428 -0.506 -0.378 -0.300 -0.049  0.047  0.130  0.092  0.058 -0.119 -0.181 -0.291 -0.324 -0.304
 -0.300 -0.435 -0.389 -0.476 -0.277 -0.210 -0.115  0.031  0.001 -0.204 -0.307 -0.426 -0.419 -0.524 -0.393 -0.333 -0.121  0.007  0.156  0.366  0.467  0.728  0.607  0.523  0.427  0.236  0.205  0.200  0.041 -0.036  0.003 -0.050 -0.122 -0.133 -0.071 -0.009  0.067  0.105  0.092  0.101  0.113  0.084  0.118  0.131  0.084  0.047  0.107  0.166  0.281  0.434  0.649  0.677  0.839  1.000  0.806  0.516  0.404  0.598  0.423  0.213  0.067 -0.122 -0.297 -0.409 -0.272 -0.278 -0.077 -0.024  0.042  0.042  0.055 -0.111 -0.097 -0.173 -0.216 -0.210
 -0.053 -0.213 -0.272 -0.449 -0.402 -0.363 -0.275 -0.083 -0.109 -0.237 -0.374 -0.486 -0.476 -0.473 -0.330 -0.154  0.089  0.282  0.448  0.620  0.636  0.672  0.421  0.310  0.300  0.064 -0.036 -0.007 -0.135 -0.246 -0.206 -0.214 -0.259 -0.285 -0.251 -0.202 -0.126 -0.100 -0.081 -0.097 -0.125 -0.124 -0.124 -0.105 -0.081 -0.067 -0.054 -0.027  0.035  0.173  0.361  0.393  0.591  0.806  1.000  0.781  0.662  0.726  0.510  0.399  0.266  0.082 -0.075 -0.226 -0.133 -0.277 -0.208 -0.227 -0.191 -0.160 -0.083 -0.155 -0.011  0.067  0.040  0.033
  0.132  0.008 -0.098 -0.290 -0.396 -0.374 -0.334 -0.164 -0.192 -0.225 -0.351 -0.438 -0.444 -0.360 -0.264 -0.056  0.158  0.374  0.588  0.603  0.500  0.400  0.168  0.014  0.038 -0.126 -0.262 -0.245 -0.303 -0.390 -0.366 -0.340 -0.338 -0.354 -0.358 -0.319 -0.267 -0.262 -0.208 -0.223 -0.276 -0.222 -0.236 -0.192 -0.096 -0.085 -0.108 -0.109 -0.097  0.011  0.117  0.093  0.282  0.516  0.781  1.000  0.822  0.728  0.639  0.624  0.566  0.353  0.196  0.038  0.106 -0.127 -0.190 -0.268 -0.294 -0.234 -0.116 -0.132  0.085  0.202  0.181  0.159
  0.221  0.080 -0.030 -0.269 -0.444 -0.436 -0.396 -0.192 -0.213 -0.248 -0.394 -0.483 -0.495 -0.363 -0.274 -0.020  0.173  0.434  0.655  0.661  0.458  0.282 -0.007 -0.154 -0.095 -0.244 -0.405 -0.371 -0.391 -0.475 -0.448 -0.399 -0.384 -0.406 -0.423 -0.390 -0.340 -0.336 -0.261 -0.289 -0.363 -0.275 -0.320 -0.270 -0.166 -0.131 -0.164 -0.190 -0.202 -0.115 -0.027 -0.079  0.154  0.404  0.662  0.822  1.000  0.846  0.682  0.743  0.589  0.414  0.293  0.130  0.162 -0.115 -0.218 -0.333 -0.373 -0.303 -0.153 -0.130  0.151  0.331  0.320  0.291
  0.000 -0.145 -0.142 -0.328 -0.389 -0.348 -0.295 -0.102 -0.123 -0.266 -0.393 -0.497 -0.522 -0.478 -0.393 -0.213 -0.016  0.228  0.463  0.531  0.376  0.362  0.144  0.009 -0.004 -0.148 -0.246 -0.233 -0.297 -0.356 -0.316 -0.308 -0.319 -0.326 -0.314 -0.258 -0.194 -0.177 -0.118 -0.122 -0.176 -0.105 -0.135 -0.096 -0.052 -0.064 -0.055 -0.048  0.002  0.113  0.230  0.151  0.356  0.598  0.726  0.728  0.846  1.000  0.830  0.717  0.494  0.272  0.123 -0.025  0.062 -0.125 -0.122 -0.194 -0.201 -0.145 -0.021 -0.083  0.100  0.141  0.114  0.096
 -0.032 -0.119 -0.069 -0.200 -0.276 -0.229 -0.216 -0.079 -0.109 -0.228 -0.312 -0.398 -0.437 -0.405 -0.375 -0.264 -0.116  0.094  0.322  0.340  0.164  0.167  0.057 -0.079 -0.128 -0.196 -0.250 -0.272 -0.315 -0.324 -0.292 -0.295 -0.285 -0.267 -0.265 -0.204 -0.159 -0.152 -0.087 -0.065 -0.110 -0.023 -0.036  0.012  0.063  0.000  0.014  0.033  0.091  0.189  0.230  0.081  0.209  0.423  0.510  0.639  0.682  0.830  1.000  0.814  0.657  0.378  0.207  0.073  0.180  0.012 -0.001 -0.069 -0.100 -0.037  0.075 -0.011  0.121  0.062  0.023  0.004
  0.184  0.104  0.072 -0.111 -0.313 -0.298 -0.312 -0.162 -0.185 -0.225 -0.316 -0.383 -0.418 -0.299 -0.273 -0.111  0.008  0.236  0.439  0.397  0.162  0.037 -0.142 -0.292 -0.272 -0.318 -0.440 -0.446 -0.423 -0.446 -0.432 -0.391 -0.349 -0.347 -0.380 -0.341 -0.313 -0.315 -0.231 -0.233 -0.300 -0.178 -0.212 -0.147 -0.037 -0.055 -0.079 -0.101 -0.111 -0.045 -0.040 -0.180 -0.016  0.213  0.399  0.624  0.743  0.717  0.814  1.000  0.815  0.558  0.414  0.267  0.315  0.063 -0.057 -0.187 -0.260 -0.193 -0.046 -0.049  0.187  0.259  0.242  0.213
  0.271  0.242  0.171 -0.003 -0.249 -0.251 -0.299 -0.190 -0.233 -0.184 -0.261 -0.308 -0.336 -0.186 -0.174 -0.016  0.072  0.243  0.398  0.303  0.093 -0.067 -0.218 -0.351 -0.327 -0.354 -0.471 -0.484 -0.437 -0.447 -0.454 -0.400 -0.328 -0.321 -0.378 -0.353 -0.358 -0.383 -0.306 -0.288 -0.346 -0.243 -0.248 -0.151  0.006 -0.022 -0.073 -0.107 -0.158 -0.107 -0.132 -0.255 -0.131  0.067  0.266  0.566  0.589  0.494  0.657  0.815  1.000  0.785  0.584  0.413  0.480  0.172 -0.007 -0.156 -0.264 -0.201 -0.057 -0.044  0.197  0.278  0.259  0.227
  0.459  0.430  0.307  0.093 -0.234 -0.262 -0.321 -0.224 -0.261 -0.157 -0.232 -0.242 -0.259 -0.043 -0.030  0.158  0.195  0.313  0.378  0.231  0.044 -0.187 -0.339 -0.441 -0.387 -0.402 -0.527 -0.531 -0.450 -0.464 -0.488 -0.408 -0.315 -0.323 -0.402 -0.401 -0.425 -0.460 -0.391 -0.385 -0.447 -0.356 -0.356 -0.240 -0.033 -0.037 -0.121 -0.175 -0.290 -0.262 -0.305 -0.389 -0.281 -0.122  0.082  0.353  0.414  0.272  0.378  0.558  0.785  1.000  0.787  0.576  0.585  0.230 -0.037 -0.217 -0.350 -0.298 -0.149 -0.072  0.215  0.382  0.386  0.356
  0.627  0.611  0.493  0.280 -0.147 -0.194 -0.300 -0.243 -0.261 -0.135 -0.175 -0.145 -0.136  0.141  0.162  0.366  0.339  0.383  0.348  0.167  0.003 -0.291 -0.443 -0.525 -0.442 -0.441 -0.573 -0.575 -0.465 -0.471 -0.514 -0.425 -0.308 -0.314 -0.413 -0.428 -0.472 -0.513 -0.441 -0.433 -0.490 -0.405 -0.409 -0.297 -0.106 -0.085 -0.177 -0.244 -0.383 -0.398 -0.465 -0.515 -0.428 -0.297 -0.075  0.196  0.293  0.123  0.207  0.414  0.584  0.787  1.000  0.825  0.656  0.334 -0.011 -0.216 -0.365 -0.323 -0.177 -0.060  0.233  0.420  0.437  0.411
  0.543  0.630  0.592  0.495  0.059 -0.003 -0.182 -0.199 -0.203 -0.078 -0.052  0.037  0.042  0.304  0.261  0.348  0.243  0.237  0.197 -0.007 -0.149 -0.409 -0.483 -0.552 -0.486 -0.419 -0.517 -0.540 -0.401 -0.370 -0.433 -0.353 -0.222 -0.220 -0.330 -0.354 -0.421 -0.462 -0.402 -0.380 -0.409 -0.328 -0.317 -0.211 -0.051 -0.063 -0.143 -0.202 -0.330 -0.375 -0.482 -0.537 -0.506 -0.409 -0.226  0.038  0.130 -0.025  0.073  0.267  0.413  0.576  0.825  1.000  0.800  0.536  0.159 -0.069 -0.245 -0.227 -0.128 -0.032  0.193  0.320  0.342  0.321
  0.329  0.405  0.483  0.481  0.163  0.128 -0.084 -0.104 -0.150 -0.110 -0.055  0.028  0.007  0.179  0.095  0.100  0.065  0.088  0.141 -0.040 -0.196 -0.365 -0.391 -0.475 -0.473 -0.389 -0.446 -0.498 -0.375 -0.309 -0.373 -0.317 -0.186 -0.171 -0.277 -0.283 -0.350 -0.392 -0.344 -0.292 -0.298 -0.223 -0.180 -0.039  0.133  0.041 -0.028 -0.080 -0.180 -0.215 -0.305 -0.401 -0.378 -0.272 -0.133  0.106  0.162  0.062  0.180  0.315  0.480  0.585  0.656  0.800  1.000  0.717  0.373  0.116 -0.085 -0.101 -0.033 -0.039  0.144  0.176  0.182  0.159
  0.060  0.179  0.413  0.647  0.485  0.481  0.196  0.059  0.013 -0.013  0.122  0.233  0.205  0.257  0.119 -0.021 -0.116 -0.185 -0.148 -0.300 -0.371 -0.391 -0.276 -0.314 -0.378 -0.237 -0.189 -0.280 -0.184 -0.058 -0.126 -0.127 -0.015  0.020 -0.062 -0.058 -0.132 -0.159 -0.146 -0.063 -0.016  0.030  0.099  0.220  0.303  0.142  0.110  0.091  0.052 -0.012 -0.122 -0.227 -0.300 -0.278 -0.277 -0.127 -0.115 -0.125  0.012  0.063  0.172  0.230  0.334  0.536  0.717  1.000  0.725  0.428  0.228  0.156  0.125  0.025  0.034 -0.132 -0.137 -0.139
 -0.219 -0.103  0.197  0.483  0.630  0.623  0.384  0.239  0.143 -0.022  0.130  0.211  0.199  0.087 -0.009 -0.215 -0.290 -0.365 -0.316 -0.370 -0.372 -0.238 -0.057 -0.059 -0.194 -0.072  0.062 -0.039 -0.031  0.116  0.078  0.015  0.074  0.127  0.103  0.136  0.089  0.072  0.062  0.179  0.265  0.288  0.397  0.510  0.476  0.277  0.299  0.286  0.304  0.236  0.155  0.047 -0.049 -0.077 -0.208 -0.190 -0.218 -0.122 -0.001 -0.057 -0.007 -0.037 -0.011  0.159  0.373  0.725  1.000  0.733  0.546  0.406  0.298  0.076 -0.056 -0.396 -0.433 -0.426
 -0.400 -0.297 -0.027  0.272  0.564  0.664  0.606  0.442  0.307  0.005  0.180  0.244  0.229  0.015 -0.098 -0.318 -0.389 -0.491 -0.443 -0.456 -0.393 -0.168  0.080  0.098 -0.065  0.067  0.257  0.141  0.096  0.275  0.257  0.138  0.157  0.244  0.268  0.327  0.293  0.288  0.276  0.396  0.520  0.530  0.654  0.732  0.560  0.332  0.422  0.390  0.462  0.352  0.268  0.179  0.047 -0.024 -0.227 -0.268 -0.333 -0.194 -0.069 -0.187 -0.156 -0.217 -0.216 -0.069  0.116  0.428  0.733  1.000  0.831  0.638  0.433  0.135 -0.157 -0.600 -0.650 -0.636
 -0.487 -0.403 -0.140  0.150  0.518  0.623  0.595  0.416  0.307  0.031  0.191  0.221  0.231 -0.022 -0.115 -0.337 -0.406 -0.522 -0.488 -0.451 -0.341 -0.076  0.170  0.210  0.058  0.154  0.365  0.274  0.186  0.357  0.367  0.216  0.198  0.301  0.368  0.434  0.414  0.401  0.411  0.579  0.695  0.696  0.724  0.677  0.434  0.218  0.345  0.358  0.491  0.404  0.338  0.266  0.130  0.042 -0.191 -0.294 -0.373 -0.201 -0.100 -0.260 -0.264 -0.350 -0.365 -0.245 -0.085  0.228  0.546  0.831  1.000  0.825  0.602  0.287 -0.124 -0.647 -0.729 -0.719
 -0.438 -0.373 -0.143  0.093  0.372  0.479  0.453  0.273  0.207  0.010  0.125  0.142  0.150 -0.057 -0.132 -0.312 -0.373 -0.468 -0.427 -0.395 -0.293 -0.063  0.144  0.153  0.036  0.112  0.294  0.216  0.112  0.291  0.323  0.146  0.129  0.273  0.361  0.461  0.442  0.415  0.489  0.690  0.750  0.790  0.693  0.589  0.326  0.108  0.247  0.288  0.448  0.376  0.303  0.209  0.092  0.042 -0.160 -0.234 -0.303 -0.145 -0.037 -0.193 -0.201 -0.298 -0.323 -0.227 -0.101  0.156  0.406  0.638  0.825  1.000  0.801  0.507  0.016 -0.581 -0.693 -0.693
 -0.310 -0.292 -0.090  0.057  0.215  0.309  0.255  0.169  0.081 -0.055  0.010 -0.001 -0.007 -0.132 -0.180 -0.276 -0.301 -0.342 -0.281 -0.265 -0.216 -0.059  0.072  0.054 -0.043 -0.006  0.142  0.078 -0.020  0.143  0.183  0.023  0.020  0.169  0.248  0.351  0.342  0.293  0.415  0.660  0.638  0.637  0.508  0.418  0.219  0.052  0.164  0.207  0.327  0.274  0.224  0.130  0.058  0.055 -0.083 -0.116 -0.153 -0.021  0.075 -0.046 -0.057 -0.149 -0.177 -0.128 -0.033  0.125  0.298  0.433  0.602  0.801  1.000  0.767  0.300 -0.406 -0.569 -0.592
 -0.116 -0.106 -0.007  0.067  0.070  0.111  0.064  0.003 -0.016 -0.023 -0.001  0.011  0.005 -0.018 -0.059 -0.084 -0.142 -0.178 -0.173 -0.187 -0.163 -0.133 -0.079 -0.092 -0.101 -0.077 -0.005 -0.026 -0.079  0.025  0.061 -0.049 -0.053  0.062  0.130  0.213  0.219  0.166  0.290  0.517  0.410  0.440  0.257  0.128 -0.015 -0.113 -0.046 -0.011  0.084  0.041 -0.014 -0.076 -0.119 -0.111 -0.155 -0.132 -0.130 -0.083 -0.011 -0.049 -0.044 -0.072 -0.060 -0.032 -0.039  0.025  0.076  0.135  0.287  0.507  0.767  1.000  0.532 -0.141 -0.294 -0.333
  0.179  0.138  0.114  0.047 -0.115 -0.115 -0.203 -0.148 -0.160 -0.151 -0.170 -0.146 -0.153 -0.043 -0.043  0.066  0.070  0.125  0.138  0.088  0.002 -0.105 -0.202 -0.273 -0.207 -0.216 -0.298 -0.294 -0.257 -0.253 -0.265 -0.260 -0.220 -0.205 -0.232 -0.202 -0.172 -0.195 -0.099  0.000 -0.106 -0.035 -0.131 -0.159 -0.122 -0.136 -0.160 -0.145 -0.162 -0.157 -0.178 -0.229 -0.181 -0.097 -0.011  0.085  0.151  0.100  0.121  0.187  0.197  0.215  0.233  0.193  0.144  0.034 -0.056 -0.157 -0.124  0.016  0.300  0.532  1.000  0.282  0.118  0.043
  0.500  0.420  0.194 -0.069 -0.409 -0.489 -0.522 -0.412 -0.398 -0.141 -0.266 -0.240 -0.227  0.021  0.072  0.297  0.352  0.462  0.429  0.367  0.217 -0.088 -0.348 -0.404 -0.240 -0.320 -0.551 -0.469 -0.341 -0.497 -0.538 -0.369 -0.313 -0.423 -0.506 -0.564 -0.555 -0.556 -0.498 -0.549 -0.628 -0.560 -0.599 -0.585 -0.403 -0.276 -0.393 -0.410 -0.535 -0.468 -0.447 -0.433 -0.291 -0.173  0.067  0.202  0.331  0.141  0.062  0.259  0.278  0.382  0.420  0.320  0.176 -0.132 -0.396 -0.600 -0.647 -0.581 -0.406 -0.141  0.282  1.000  0.843  0.695
  0.543  0.465  0.215 -0.060 -0.423 -0.515 -0.529 -0.426 -0.386 -0.131 -0.262 -0.224 -0.204  0.060  0.112  0.338  0.381  0.496  0.450  0.376  0.215 -0.114 -0.384 -0.431 -0.254 -0.324 -0.575 -0.488 -0.339 -0.520 -0.573 -0.378 -0.326 -0.463 -0.551 -0.618 -0.604 -0.597 -0.574 -0.666 -0.738 -0.653 -0.676 -0.653 -0.438 -0.272 -0.412 -0.464 -0.600 -0.532 -0.508 -0.475 -0.324 -0.216  0.040  0.181  0.320  0.114  0.023  0.242  0.259  0.386  0.437  0.342  0.182 -0.137 -0.433 -0.650 -0.729 -0.693 -0.569 -0.294  0.118  0.843  1.000  0.904
  0.518  0.444  0.207 -0.060 -0.409 -0.502 -0.507 -0.404 -0.361 -0.129 -0.252 -0.213 -0.189  0.065  0.121  0.331  0.364  0.476  0.425  0.354  0.207 -0.102 -0.363 -0.398 -0.226 -0.293 -0.534 -0.448 -0.303 -0.485 -0.537 -0.345 -0.302 -0.441 -0.521 -0.587 -0.571 -0.560 -0.558 -0.663 -0.728 -0.649 -0.665 -0.640 -0.429 -0.259 -0.398 -0.450 -0.584 -0.516 -0.488 -0.448 -0.304 -0.210  0.033  0.159  0.291  0.096  0.004  0.213  0.227  0.356  0.411  0.321  0.159 -0.139 -0.426 -0.636 -0.719 -0.693 -0.592 -0.333  0.043  0.695  0.904  1.000
