  0.000  3.835  6.668 10.353 13.306 16.731 19.754 22.901 25.113 23.049 20.128 16.518 14.155 10.679  8.528  5.630  5.458  5.779  7.521 10.640 10.696 13.814 14.652 17.015 14.422 12.600 16.203 16.664 13.786 15.627 18.767 17.625 16.559 19.423 21.940 22.079 23.479 21.617 24.911 25.195 21.681 21.404 18.136 18.882 17.237 19.599 22.580 22.061 21.409 18.678 20.182 19.318 19.447 17.318 13.653 11.005 11.850 15.491 15.278 13.386 10.695  8.613  5.728  7.600 10.128 12.638 13.878 17.441 18.816 22.564 24.491 27.555 30.335 33.130 36.103 37.936
  3.835  0.000  3.826  6.991 10.270 13.466 16.580 19.791 21.722 19.537 16.506 12.862 10.688  7.138  5.906  4.654  6.232  8.352  9.922 13.090 12.260 14.716 14.596 16.909 14.535 11.890 15.027 15.828 12.595 13.610 17.039 16.071 14.307 16.815 19.721 19.857 21.751 20.271 23.571 23.349 19.819 19.668 16.470 17.210 15.796 18.231 21.030 20.967 20.332 18.071 20.051 19.325 20.190 18.254 14.925 11.952 13.669 16.943 15.952 14.434 11.052  9.119  5.726  5.402  8.153  9.951 11.594 14.906 16.283 20.077 22.045 25.358 28.093 31.068 34.026 35.858
  6.668  3.826  0.000  3.824  6.817 10.106 13.272 16.310 18.526 16.676 14.043 10.380  8.605  5.997  5.564  6.215  6.851  9.343  9.997 13.067 11.731 13.271 12.269 14.844 13.168  9.912 12.685 14.295 11.437 11.652 15.371 15.246 13.396 15.243 18.088 17.593 19.451 17.805 20.835 20.299 16.646 16.184 12.893 13.491 12.234 14.857 17.434 17.454 16.812 14.860 17.198 16.829 18.221 16.299 13.418 10.254 12.703 15.393 13.776 12.886  9.169  8.247  5.940  4.695  5.603  6.539  7.800 11.116 12.650 16.454 18.661 21.946 24.840 27.877 30.831 32.717
 10.353  6.991  3.824  0.000  3.817  6.517  9.866 12.893 14.843 12.989 10.431  6.731  5.803  4.622  6.364  8.764  9.975 12.868 13.401 16.237 14.436 15.221 13.326 15.639 14.486 10.770 12.523 14.575 11.816 10.771 14.580 14.943 12.488 13.476 16.591 15.869 18.197 16.998 19.805 18.617 15.051 14.655 11.647 12.141 11.386 13.955 16.065 16.644 16.045 14.855 17.603 17.476 19.561 17.939 15.641 12.593 15.460 17.593 15.389 15.014 11.220 10.781  8.932  6.310  6.025  4.632  6.122  8.595 10.125 13.861 16.165 19.674 22.514 25.729 28.627 30.504
 13.306 10.270  6.817  3.817  0.000  3.833  6.506  9.670 12.079 10.410  8.541  5.618  5.056  6.298  7.846 10.829 11.533 14.556 14.902 17.143 14.775 14.630 11.963 13.869 13.416  9.572 10.239 12.834 10.750  8.716 12.395 13.636 11.383 11.487 14.246 12.893 15.160 14.032 16.541 15.026 11.512 11.219  8.639  9.636 10.006 12.990 14.275 14.716 13.631 12.875 15.619 15.513 18.177 17.055 15.487 12.974 16.361 17.793 15.424 15.970 12.426 13.060 12.007  9.797  8.364  5.524  4.701  5.739  6.432 10.142 12.364 15.888 18.738 21.979 24.875 26.792
 16.731 13.466 10.106  6.517  3.833  0.000  3.830  6.441  8.484  7.278  6.238  4.311  6.281  8.732 11.176 14.401 15.338 18.322 18.446 20.736 18.412 17.915 14.870 16.620 16.670 12.895 12.768 15.562 13.803 11.032 14.283 15.913 13.334 12.423 15.192 13.542 16.120 15.480 17.418 15.119 11.978 11.478  9.539  9.830 10.536 12.859 13.541 14.775 14.092 14.356 17.416 17.772 20.802 19.763 18.610 16.096 19.408 20.478 17.678 18.363 14.951 15.611 14.771 12.035 10.207  6.550  6.064  4.891  5.752  8.715 11.238 14.849 17.635 21.036 23.778 25.657
 19.754 16.580 13.272  9.866  6.506  3.830  0.000  3.838  6.108  4.937  5.522  6.018  7.741 11.092 13.258 16.712 17.571 20.694 20.954 22.771 20.036 18.993 15.626 16.643 17.131 13.656 12.419 15.178 14.065 10.632 13.120 15.349 13.018 11.102 13.309 11.219 13.849 13.770 15.242 12.436  9.909 10.029  9.419 10.381 12.262 14.678 14.402 15.427 14.192 14.914 17.613 17.778 21.189 20.769 20.190 18.234 21.792 22.451 19.766 21.024 17.839 18.950 18.264 15.718 13.834 10.164  8.715  6.128  4.668  6.239  8.049 11.740 14.229 17.674 20.350 22.220
 22.901 19.791 16.310 12.893  9.670  6.441  3.838  0.000  3.862  5.454  7.916  9.088 11.443 14.690 16.933 20.278 20.884 23.771 23.596 25.384 22.807 21.381 17.778 18.873 19.948 16.620 15.118 18.163 17.508 14.041 16.189 18.773 16.637 14.365 16.120 13.599 15.811 15.701 16.332 13.033 11.042 10.434 10.422 10.479 12.567 14.249 13.182 14.725 13.941 15.601 18.463 19.225 22.797 22.355 22.225 20.334 23.760 23.951 20.958 22.455 19.582 20.963 20.750 18.196 15.808 12.010 10.457  6.973  6.015  5.553  7.792 10.844 13.364 16.773 19.196 21.027
 25.113 21.722 18.526 14.843 12.079  8.484  6.108  3.862  0.000  3.840  7.311  9.633 12.593 16.024 18.777 22.325 23.447 26.548 26.634 28.610 26.006 24.820 21.306 22.266 23.060 19.677 18.151 20.843 19.891 16.272 18.193 20.462 17.921 15.318 17.269 15.260 17.929 18.480 19.131 15.656 14.177 14.051 14.190 14.201 15.976 17.294 16.301 18.234 17.685 19.398 22.260 22.904 26.482 26.065 25.765 23.711 27.100 27.509 24.461 25.690 22.651 23.618 23.037 20.074 18.078 14.295 13.515 10.370  9.632  9.051 10.375 13.210 15.008 18.322 20.438 22.048
 23.049 19.537 16.676 12.989 10.410  7.278  4.937  5.454  3.840  0.000  3.808  6.924  9.595 13.214 16.058 19.750 21.292 24.660 25.253 27.237 24.460 23.644 20.376 21.114 21.345 17.939 16.532 18.748 17.378 13.766 15.681 17.500 14.661 12.109 14.473 13.095 16.287 17.197 18.497 15.344 13.702 14.340 14.244 14.984 16.682 18.580 18.148 19.695 18.731 19.752 22.425 22.500 25.958 25.652 24.983 22.911 26.407 27.247 24.486 25.497 22.170 22.817 21.697 18.644 17.256 13.619 13.102 10.612  9.458  9.856 10.653 14.031 15.644 19.008 21.315 22.930
 20.128 16.506 14.043 10.431  8.541  6.238  5.522  7.916  7.311  3.808  0.000  3.828  6.387  9.881 12.976 16.693 18.662 22.168 23.131 25.294 22.580 22.302 19.406 20.265 19.852 16.339 15.517 17.349 15.318 12.038 14.359 15.478 12.213 10.327 13.420 12.781 16.283 17.101 19.115 16.484 14.366 15.229 14.461 15.465 16.676 18.872 19.147 20.501 19.478 19.832 22.474 22.211 25.386 24.909 23.732 21.460 24.879 26.208 23.662 24.263 20.698 20.883 19.256 16.103 15.362 12.081 12.175 10.722  9.943 11.561 12.497 16.185 17.927 21.294 23.778 25.420
 16.518 12.862 10.380  6.731  5.618  4.311  6.018  9.088  9.633  6.924  3.828  0.000  3.826  6.675  9.996 13.548 15.503 18.895 19.784 22.217 19.788 19.902 17.285 18.658 17.932 14.221 14.251 16.196 13.718 11.023 14.109 14.877 11.595 10.844 14.260 13.663 16.904 17.005 19.421 17.252 14.450 14.851 13.180 13.975 14.506 16.803 17.758 18.995 18.174 18.053 20.840 20.637 23.497 22.604 21.015 18.434 21.675 23.303 20.809 21.040 17.364 17.259 15.486 12.315 11.784  8.796  9.483  9.139  9.317 12.024 13.669 17.459 19.708 23.096 25.772 27.519
 14.155 10.688  8.605  5.803  5.056  6.281  7.741 11.443 12.593  9.595  6.387  3.826  0.000  3.848  6.614 10.341 12.478 16.097 17.517 19.681 17.024 17.429 15.217 16.270 14.980 11.445 11.778 13.141 10.269  8.029 11.267 11.506  8.254  8.441 11.979 11.904 15.034 15.051 18.000 16.488 13.606 14.549 12.810 14.397 15.037 17.904 19.078 19.627 18.283 17.422 19.728 18.910 21.500 20.830 19.016 16.717 20.038 21.928 19.959 20.203 16.516 16.413 14.328 11.700 11.761  9.475  9.708 10.211  9.788 12.878 14.024 17.766 19.919 23.142 25.943 27.705
 10.679  7.138  5.997  4.622  6.298  8.732 11.092 14.690 16.024 13.214  9.881  6.675  3.848  0.000  3.811  7.143  9.814 13.360 15.096 17.566 15.324 16.530 15.040 16.471 14.531 11.157 12.657 13.603 10.168  9.332 12.759 12.148  9.191 10.766 14.220 14.542 17.308 16.866 20.127 19.153 16.010 16.678 14.326 15.710 15.592 18.405 20.238 20.609 19.469 18.026 20.236 19.309 21.330 20.276 17.854 15.296 18.220 20.660 19.014 18.651 14.913 14.151 11.494  9.098 10.221  9.187 10.220 11.986 12.299 15.787 17.199 20.843 23.160 26.301 29.166 30.935
  8.528  5.906  5.564  6.364  7.846 11.176 13.258 16.933 18.777 16.058 12.976  9.996  6.614  3.811  0.000  3.812  6.449 10.175 12.446 14.516 12.140 13.742 12.916 14.137 11.624  8.730 10.932 11.266  7.648  8.239 11.502 10.437  8.451 11.040 13.905 14.376 16.525 15.665 19.191 18.943 15.794 16.624 14.232 16.078 15.999 19.144 21.079 20.794 19.283 17.178 18.820 17.400 18.951 18.043 15.412 13.274 16.128 18.739 17.734 17.440 13.963 13.410 10.833  9.676 10.978 10.742 11.071 13.330 13.337 16.870 18.021 21.392 23.697 26.603 29.530 31.308
  5.630  4.654  6.215  8.764 10.829 14.401 16.712 20.278 22.325 19.750 16.693 13.548 10.341  7.143  3.812  0.000  3.829  7.169 10.079 12.125 10.328 12.858 13.089 14.472 11.448  9.400 12.455 12.299  8.899 10.796 13.686 12.178 11.063 14.162 16.616 17.201 18.834 17.551 21.135 21.421 18.229 18.842 16.202 17.913 17.368 20.414 22.720 22.104 20.680 18.060 19.334 17.757 18.551 17.395 14.273 12.273 14.485 17.549 17.180 16.429 13.311 12.369  9.649  9.742 11.664 12.566 13.041 15.886 16.203 19.798 21.034 24.197 26.579 29.331 32.276 34.050
  5.458  6.232  6.851  9.975 11.533 15.338 17.571 20.884 23.447 21.292 18.662 15.503 12.478  9.814  6.449  3.829  0.000  3.822  6.654  8.362  6.622  9.454 10.312 12.009  9.096  7.629 11.288 11.388  8.860 11.285 14.058 13.154 12.906 15.822 17.713 17.717 18.636 16.642 20.020 20.736 17.460 17.678 14.902 16.587 15.942 19.055 21.373 20.233 18.713 15.673 16.554 14.961 15.265 13.931 10.661  9.005 11.110 14.109 14.222 13.696 11.069 10.825  9.109 10.394 11.525 12.786 12.559 15.637 16.029 19.531 20.883 23.685 26.250 28.819 31.779 33.597
  5.779  8.352  9.343 12.868 14.556 18.322 20.694 23.771 26.548 24.660 22.168 18.895 16.097 13.360 10.175  7.169  3.822  0.000  3.875  5.381  5.387  9.016 10.996 12.980 10.323  9.845 13.658 13.759 11.924 14.617 17.152 16.345 16.523 19.451 21.077 20.897 21.360 18.939 22.072 23.136 19.861 19.667 16.746 18.068 16.980 19.786 22.340 20.878 19.586 16.229 16.723 15.300 14.695 12.918  9.267  8.002  8.863 12.185 13.121 12.192 10.461 10.215  9.278 11.781 12.833 14.830 14.599 17.934 18.651 22.069 23.593 26.119 28.809 31.216 34.155 35.976
  7.521  9.922  9.997 13.401 14.902 18.446 20.954 23.596 26.634 25.253 23.131 19.784 17.517 15.096 12.446 10.079  6.654  3.875  0.000  3.836  5.533  8.343 10.232 13.011 11.359 10.751 14.467 15.386 14.096 16.293 19.030 18.893 19.011 21.509 23.087 22.314 22.540 19.672 22.369 23.331 19.908 18.998 15.815 16.503 14.939 17.373 20.072 18.457 17.576 14.212 14.830 14.155 13.288 10.702  6.879  5.156  5.078  8.622  9.686  8.561  7.557  7.988  8.538 11.627 11.817 14.132 13.707 17.160 18.364 21.662 23.597 25.892 28.855 31.232 34.151 36.028
 10.640 13.090 13.067 16.237 17.143 20.736 22.771 25.384 28.610 27.237 25.294 22.217 19.681 17.566 14.516 12.125  8.362  5.381  3.836  0.000  3.834  6.539  9.612 11.677 10.136 10.851 14.290 14.736 14.252 16.895 19.018 18.961 19.826 22.360 23.346 22.529 22.136 19.046 21.564 23.117 20.034 19.338 16.635 17.779 16.763 19.384 21.655 19.461 18.086 14.406 14.012 12.773 11.056  8.992  5.537  6.241  5.939  8.354 10.612 10.472 10.358 11.547 12.330 15.278 15.221 17.109 16.023 19.104 19.752 22.716 24.236 26.128 28.901 30.950 33.797 35.621
 10.696 12.260 11.731 14.436 14.775 18.412 20.036 22.807 26.006 24.460 22.580 19.788 17.024 15.324 12.140 10.328  6.622  5.387  5.533  3.834  0.000  3.845  6.795  8.351  6.368  7.267 10.637 10.918 10.618 13.316 15.250 15.340 16.415 18.839 19.620 18.814 18.383 15.402 18.121 19.726 16.753 16.535 14.159 15.980 15.685 18.825 20.691 18.483 16.527 12.855 12.380 10.440  9.483  8.345  5.373  6.284  8.058  9.914 11.385 12.052 11.027 12.537 12.796 14.966 14.743 15.862 14.310 17.016 17.064 19.936 21.090 23.019 25.619 27.672 30.537 32.355
 13.814 14.716 13.271 15.221 14.630 17.915 18.993 21.381 24.820 23.644 22.302 19.902 17.429 16.530 13.742 12.858  9.454  9.016  8.343  6.539  3.845  0.000  3.836  5.266  5.101  6.492  8.874  9.838 10.718 12.784 14.381 15.374 16.736 18.523 18.815 17.375 16.383 12.974 15.176 16.965 14.192 13.771 11.854 13.910 14.255 17.514 18.780 16.148 13.743 10.022  8.885  6.650  5.877  5.422  4.125  6.425  8.882  9.247 10.493 12.356 11.646 14.093 14.941 16.711 15.656 16.084 13.712 15.781 15.419 17.780 18.761 20.231 22.830 24.676 27.482 29.320
 14.652 14.596 12.269 13.326 11.963 14.870 15.626 17.778 21.306 20.376 19.406 17.285 15.217 15.040 12.916 13.089 10.312 10.996 10.232  9.612  6.795  3.836  0.000  3.846  5.367  4.955  6.417  8.753  9.794 10.729 12.605 14.374 15.320 16.438 16.799 14.807 13.982 10.473 12.490 13.729 10.690  9.997  8.078 10.428 11.387 14.896 15.736 13.230 10.512  7.046  6.618  4.767  6.362  6.084  5.880  6.832 10.242 10.157 10.047 12.453 11.171 13.974 14.869 15.878 14.202 13.816 10.886 12.392 11.787 13.993 15.099 16.629 19.414 21.460 24.326 26.255
 17.015 16.909 14.844 15.639 13.869 16.620 16.643 18.873 22.266 21.114 20.265 18.658 16.270 16.471 14.137 14.472 12.009 12.980 13.011 11.677  8.351  5.266  3.846  0.000  3.841  5.438  5.152  6.443  8.860 10.022 10.718 12.688 14.476 15.460 14.992 13.091 11.500  7.913  9.996 12.099  9.855 10.321  9.742 12.839 14.554 18.136 18.469 15.847 12.593  9.559  8.055  4.625  6.353  8.097  8.696 10.408 13.563 13.348 13.679 16.185 14.951 17.570 18.084 18.905 17.504 16.764 13.712 14.581 13.006 14.620 14.743 15.863 18.103 19.784 22.570 24.413
 14.422 14.535 13.168 14.486 13.416 16.670 17.131 19.948 23.060 21.345 19.852 17.932 14.980 14.531 11.624 11.448  9.096 10.323 11.359 10.136  6.368  5.101  5.367  3.841  0.000  3.862  5.353  4.905  6.299  8.770  9.667 10.511 12.397 14.239 14.155 13.183 12.261  9.414 12.405 14.352 11.957 12.916 11.788 14.845 16.041 19.708 20.603 18.350 15.425 12.234 11.328  8.169  8.912  9.940  9.076 10.278 13.316 14.133 14.730 16.449 14.801 16.717 16.548 17.466 16.832 16.505 14.095 15.581 14.219 16.464 16.613 18.318 20.421 22.298 25.126 26.905
 12.600 11.890  9.912 10.770  9.572 12.895 13.656 16.620 19.677 17.939 16.339 14.221 11.445 11.157  8.730  9.400  7.629  9.845 10.751 10.851  7.267  6.492  4.955  5.438  3.862  0.000  3.852  5.372  5.018  6.412  8.723  9.846 10.552 12.164 12.942 11.755 11.831  9.258 12.455 13.372 10.294 10.976  9.205 12.146 13.222 16.962 18.014 16.297 13.672 10.843 11.183  8.969 10.699 10.770  9.426  9.196 12.771 13.914 13.554 15.027 12.678 14.412 14.006 14.327 13.524 12.844 10.522 12.098 10.992 13.735 14.405 16.714 19.156 21.514 24.461 26.340
 16.203 15.027 12.685 12.523 10.239 12.768 12.419 15.118 18.151 16.532 15.517 14.251 11.778 12.657 10.932 12.455 11.288 13.658 14.467 14.290 10.637  8.874  6.417  5.152  5.353  3.852  0.000  3.840  5.399  5.082  6.329  8.802  9.904 10.462 10.418  8.551  8.147  5.482  8.793  9.722  7.041  8.704  8.278 11.892 13.997 17.778 18.050 16.303 13.170 11.002 11.058  8.629 11.277 12.288 12.029 12.235 15.925 16.423 15.801 17.834 15.571 17.604 17.305 17.118 15.927 14.411 11.556 11.909  9.669 11.587 11.432 13.469 15.621 17.878 20.811 22.707
 16.664 15.828 14.295 14.575 12.834 15.562 15.178 18.163 20.843 18.748 17.349 16.196 13.141 13.603 11.266 12.299 11.388 13.759 15.386 14.736 10.918  9.838  8.753  6.443  4.905  5.372  3.840  0.000  3.847  5.427  4.932  6.329  8.726 10.061  9.392  8.766  8.085  6.385 10.053 11.730  9.964 12.264 12.105 15.699 17.624 21.414 21.844 20.032 16.857 14.445 13.936 10.840 12.668 14.160 13.635 14.257 17.653 18.504 18.483 20.243 18.027 19.678 18.930 18.934 18.408 17.235 14.817 15.426 13.120 14.940 14.196 16.072 17.606 19.535 22.331 24.055
 13.786 12.595 11.437 11.816 10.750 13.803 14.065 17.508 19.891 17.378 15.318 13.718 10.269 10.168  7.648  8.899  8.860 11.924 14.096 14.252 10.618 10.718  9.794  8.860  6.299  5.018  5.399  3.847  0.000  3.858  5.312  5.013  6.161  8.547  9.292  9.508 10.318  9.307 13.097 13.956 11.616 13.618 12.638 15.867 17.230 20.961 21.894 20.580 17.867 15.468 15.745 13.129 14.851 15.492 14.063 13.767 17.131 18.696 18.407 19.505 16.794 17.776 16.403 16.109 16.152 15.174 13.475 14.594 12.821 15.357 15.155 17.734 19.484 21.821 24.680 26.413
 15.627 13.610 11.652 10.771  8.716 11.032 10.632 14.041 16.272 13.766 12.038 11.023  8.029  9.332  8.239 10.796 11.285 14.617 16.293 16.895 13.316 12.784 10.729 10.022  8.770  6.412  5.082  5.427  3.858  0.000  3.847  5.449  5.076  5.787  7.001  6.504  8.315  7.965 11.547 11.437  9.071 11.389 10.841 14.119 15.961 19.625 20.140 19.237 16.555 14.893 15.721 13.632 16.174 16.783 15.764 15.070 18.742 19.990 19.013 20.340 17.375 18.504 17.218 16.174 15.721 13.876 11.968 12.209  9.901 12.190 11.818 14.718 16.463 19.085 21.971 23.765
 18.767 17.039 15.371 14.580 12.395 14.283 13.120 16.189 18.193 15.681 14.359 14.109 11.267 12.759 11.502 13.686 14.058 17.152 19.030 19.018 15.250 14.381 12.605 10.718  9.667  8.723  6.329  4.932  5.312  3.847  0.000  3.847  5.589  5.612  4.510  4.693  5.762  6.616 10.166 10.677  9.549 12.721 13.176 16.769 19.060 22.754 22.877 21.700 18.635 17.032 17.176 14.571 17.037 18.416 17.878 17.854 21.471 22.452 21.821 23.454 20.742 22.056 20.830 19.943 19.524 17.635 15.505 15.311 12.427 13.834 12.399 14.673 15.654 17.818 20.538 22.204
 17.625 16.071 15.246 14.943 13.636 15.913 15.349 18.773 20.462 17.500 15.478 14.877 11.506 12.148 10.437 12.178 13.154 16.345 18.893 18.961 15.340 15.374 14.374 12.688 10.511  9.846  8.802  6.329  5.013  5.449  3.847  0.000  3.847  6.025  5.856  7.932  9.298 10.188 13.805 14.505 13.231 16.156 16.048 19.462 21.259 24.949 25.530 24.451 21.579 19.624 19.787 16.995 18.915 20.075 18.936 18.757 22.115 23.646 23.299 24.434 21.589 22.347 20.588 19.784 20.100 18.687 17.184 17.603 15.199 17.094 15.948 18.423 19.335 21.460 24.094 25.632
 16.559 14.307 13.396 12.488 11.383 13.334 13.018 16.637 17.921 14.661 12.213 11.595  8.254  9.191  8.451 11.063 12.906 16.523 19.011 19.826 16.415 16.736 15.320 14.476 12.397 10.552  9.904  8.726  6.161  5.076  5.589  3.847  0.000  3.827  6.133  8.221 10.888 11.926 15.454 15.245 13.524 16.139 15.633 18.655 20.194 23.698 24.444 23.914 21.443 19.829 20.708 18.454 20.675 21.270 19.802 18.882 22.302 24.089 23.234 24.032 20.805 21.163 19.066 17.645 18.132 16.487 15.533 15.903 13.830 16.041 15.341 18.376 19.522 22.066 24.753 26.336
 19.423 16.815 15.243 13.476 11.487 12.423 11.102 14.365 15.318 12.109 10.327 10.844  8.441 10.766 11.040 14.162 15.822 19.451 21.509 22.360 18.839 18.523 16.438 15.460 14.239 12.164 10.462 10.061  8.547  5.787  5.612  6.025  3.827  0.000  3.851  5.690  9.188 11.072 14.063 13.137 11.941 14.863 15.042 18.058 20.098 23.482 23.704 23.404 20.885 19.892 20.934 18.966 21.708 22.495 21.513 20.595 24.238 25.621 24.382 25.526 22.281 22.950 21.131 19.313 19.246 16.919 15.655 15.103 12.482 13.981 12.764 15.776 16.602 19.211 21.805 23.373
 21.940 19.721 18.088 16.591 14.246 15.192 13.309 16.120 17.269 14.473 13.420 14.260 11.979 14.220 13.905 16.616 17.713 21.077 23.087 23.346 19.620 18.815 16.799 14.992 14.155 12.942 10.418  9.392  9.292  7.001  4.510  5.856  6.133  3.851  0.000  3.823  6.513  9.302 11.975 11.584 11.392 14.890 15.864 19.257 21.760 25.263 25.095 24.377 21.441 20.430 20.859 18.523 21.252 22.666 22.196 21.910 25.593 26.603 25.658 27.229 24.285 25.374 23.866 22.401 22.081 19.742 17.918 17.080 13.925 14.696 12.611 14.887 15.095 17.218 19.668 21.154
 22.079 19.857 17.593 15.869 12.893 13.542 11.219 13.599 15.260 13.095 12.781 13.663 11.904 14.542 14.376 17.201 17.717 20.897 22.314 22.529 18.814 17.375 14.807 13.091 13.183 11.755  8.551  8.766  9.508  6.504  4.693  7.932  8.221  5.690  3.823  0.000  3.895  6.510  8.765  7.867  7.759 11.366 12.832 16.260 19.123 22.569 22.027 21.205 18.171 17.502 17.972 15.969 19.077 20.529 20.521 20.331 24.121 24.670 23.497 25.442 22.689 24.240 23.250 21.846 20.888 18.269 15.906 14.581 11.085 11.346  9.025 11.177 11.692 14.026 16.688 18.408
 23.479 21.751 19.451 18.197 15.160 16.120 13.849 15.811 17.929 16.287 16.283 16.904 15.034 17.308 16.525 18.834 18.636 21.360 22.540 22.136 18.383 16.383 13.982 11.500 12.261 11.831  8.147  8.085 10.318  8.315  5.762  9.298 10.888  9.188  6.513  3.895  0.000  3.892  5.614  6.181  7.143 10.906 12.984 16.642 19.761 23.266 22.462 21.050 17.632 16.788 16.472 14.122 17.102 19.159 19.742 20.257 23.949 24.046 23.255 25.618 23.315 25.314 24.748 23.846 22.640 20.237 17.388 16.119 12.533 12.315  9.655 10.636 10.863 12.538 15.157 16.900
 21.617 20.271 17.805 16.998 14.032 15.480 13.770 15.701 18.480 17.197 17.101 17.005 15.051 16.866 15.665 17.551 16.642 18.939 19.672 19.046 15.402 12.974 10.473  7.913  9.414  9.258  5.482  6.385  9.307  7.965  6.616 10.188 11.926 11.072  9.302  6.510  3.892  0.000  3.846  5.673  5.351  8.527 10.352 14.105 17.135 20.704 20.012 18.158 14.590 13.354 12.718 10.260 13.287 15.371 16.210 17.015 20.626 20.449 19.816 22.386 20.407 22.740 22.612 22.157 20.675 18.579 15.400 14.503 11.246 11.398  9.576 10.431 11.633 13.342 16.146 18.028
 24.911 23.571 20.835 19.805 16.541 17.418 15.242 16.332 19.131 18.497 19.115 19.421 18.000 20.127 19.191 21.135 20.020 22.072 22.369 21.564 18.121 15.176 12.490  9.996 12.405 12.455  8.793 10.053 13.097 11.547 10.166 13.805 15.454 14.063 11.975  8.765  5.614  3.846  0.000  3.846  5.652  8.340 11.247 14.658 18.081 21.348 20.014 17.999 14.322 13.777 12.790 10.862 14.036 16.445 18.037 19.127 22.621 21.840 21.106 24.084 22.452 25.142 25.417 24.963 23.059 20.748 17.288 15.798 12.429 11.437  9.100  8.490  9.249 10.350 13.062 15.037
 25.195 23.349 20.299 18.617 15.026 15.119 12.436 13.033 15.656 15.344 16.484 17.252 16.488 19.153 18.943 21.421 20.736 23.136 23.331 23.117 19.726 16.965 13.729 12.099 14.352 13.372  9.722 11.730 13.956 11.437 10.677 14.505 15.245 13.137 11.584  7.867  6.181  5.673  3.846  0.000  3.837  6.705 10.081 13.171 16.817 19.866 18.241 16.842 13.480 13.775 13.771 12.682 16.276 18.067 19.422 19.844 23.497 22.809 21.443 24.297 22.356 24.918 25.117 24.149 22.036 19.247 15.877 13.688 10.079  8.330  5.455  4.961  6.198  8.356 11.374 13.608
 21.681 19.819 16.646 15.051 11.512 11.978  9.909 11.042 14.177 13.702 14.366 14.450 13.606 16.010 15.794 18.229 17.460 19.861 19.908 20.034 16.753 14.192 10.690  9.855 11.957 10.294  7.041  9.964 11.616  9.071  9.549 13.231 13.524 11.941 11.392  7.759  7.143  5.351  5.652  3.837  0.000  3.825  6.502  9.880 13.348 16.617 15.458 14.117 10.832 10.779 11.414 10.552 14.280 15.448 16.375 16.378 20.098 19.648 18.079 20.737 18.629 21.123 21.344 20.412 18.246 15.560 12.138 10.264  6.801  6.185  4.985  6.473  9.059 11.675 14.708 16.865
 21.404 19.668 16.184 14.655 11.219 11.478 10.029 10.434 14.051 14.340 15.229 14.851 14.549 16.678 16.624 18.842 17.678 19.667 18.998 19.338 16.535 13.771  9.997 10.321 12.916 10.976  8.704 12.264 13.618 11.389 12.721 16.156 16.139 14.863 14.890 11.366 10.906  8.527  8.340  6.705  3.825  0.000  3.831  6.553 10.236 13.264 11.848 10.365  7.137  7.784  9.131  9.551 13.344 13.860 15.034 14.808 18.336 17.467 15.481 18.335 16.536 19.357 20.163 19.386 16.668 14.049 10.356  8.320  5.792  5.128  6.107  7.202 10.615 13.178 16.079 18.260
 18.136 16.470 12.893 11.647  8.639  9.539  9.419 10.422 14.190 14.244 14.461 13.180 12.810 14.326 14.232 16.202 14.902 16.746 15.815 16.635 14.159 11.854  8.078  9.742 11.788  9.205  8.278 12.105 12.638 10.841 13.176 16.048 15.633 15.042 15.864 12.832 12.984 10.352 11.247 10.081  6.502  3.831  0.000  3.816  6.943 10.412  9.956  8.598  5.914  5.705  8.247  9.086 12.512 12.050 12.509 11.592 15.124 14.615 12.315 14.840 12.812 15.571 16.479 15.828 12.996 10.664  6.875  5.796  4.808  6.461  8.794 10.733 14.185 16.894 19.782 21.880
 18.882 17.210 13.491 12.141  9.636  9.830 10.381 10.479 14.201 14.984 15.465 13.975 14.397 15.710 16.078 17.913 16.587 18.068 16.503 17.779 15.980 13.910 10.428 12.839 14.845 12.146 11.892 15.699 15.867 14.119 16.769 19.462 18.655 18.058 19.257 16.260 16.642 14.105 14.658 13.171  9.880  6.553  3.816  0.000  3.823  6.794  6.222  5.460  4.388  5.700  9.265 11.328 14.334 13.059 13.459 11.963 14.988 14.213 11.179 13.550 11.784 14.616 16.081 15.365 11.956  9.684  6.215  5.026  6.288  7.659 10.924 12.651 16.281 18.998 21.708 23.773
 17.237 15.796 12.234 11.386 10.006 10.536 12.262 12.567 15.976 16.682 16.676 14.506 15.037 15.592 15.999 17.368 15.942 16.980 14.939 16.763 15.685 14.255 11.387 14.554 16.041 13.222 13.997 17.624 17.230 15.961 19.060 21.259 20.194 20.098 21.760 19.123 19.761 17.135 18.081 16.817 13.348 10.236  6.943  3.823  0.000  3.848  5.501  5.496  6.454  6.916 10.707 13.043 15.338 13.157 12.865 10.593 13.034 12.549  9.014 10.690  8.954 11.653 13.570 13.097  9.410  7.959  5.465  6.165  8.944 11.007 14.464 16.409 20.028 22.775 25.457 27.474
 19.599 18.231 14.857 13.955 12.990 12.859 14.678 14.249 17.294 18.580 18.872 16.803 17.904 18.405 19.144 20.414 19.055 19.786 17.373 19.384 18.825 17.514 14.896 18.136 19.708 16.962 17.778 21.414 20.961 19.625 22.754 24.949 23.698 23.482 25.263 22.569 23.266 20.704 21.348 19.866 16.617 13.264 10.412  6.794  3.848  0.000  3.849  5.566  8.376  9.690 13.325 16.169 18.193 15.723 15.547 13.184 14.845 14.073 10.293 11.484 10.454 12.807 15.150 14.647 10.843  9.789  8.446  8.776 11.915 13.442 17.091 18.771 22.390 25.065 27.558 29.521
 22.580 21.030 17.434 16.065 14.275 13.541 14.402 13.182 16.301 18.148 19.147 17.758 19.078 20.238 21.079 22.720 21.373 22.340 20.072 21.655 20.691 18.780 15.736 18.469 20.603 18.014 18.050 21.844 21.894 20.140 22.877 25.530 24.444 23.704 25.095 22.027 22.462 20.012 20.014 18.241 15.458 11.848  9.956  6.222  5.501  3.849  0.000  3.825  6.881  9.583 13.003 16.078 18.527 16.645 17.234 15.475 17.458 16.143 12.577 14.523 13.672 16.316 18.515 17.806 14.001 12.215 10.146  9.042 11.402 11.831 15.351 16.453 20.007 22.501 24.818 26.769
 22.061 20.967 17.454 16.644 14.716 14.775 15.427 14.725 18.234 19.695 20.501 18.995 19.627 20.609 20.794 22.104 20.233 20.878 18.457 19.461 18.483 16.148 13.230 15.847 18.350 16.297 16.303 20.032 20.580 19.237 21.700 24.451 23.914 23.404 24.377 21.205 21.050 18.158 17.999 16.842 14.117 10.365  8.598  5.460  5.496  5.566  3.825  0.000  3.825  6.476  9.539 12.893 15.159 13.426 14.572 13.498 15.484 13.614 10.442 13.186 12.852 16.099 18.551 18.462 14.769 13.353 10.585  9.935 11.548 11.969 15.053 15.748 19.307 21.510 23.894 25.882
 21.409 20.332 16.812 16.045 13.631 14.092 14.192 13.941 17.685 18.731 19.478 18.174 18.283 19.469 19.283 20.680 18.713 19.586 17.576 18.086 16.527 13.743 10.512 12.593 15.425 13.672 13.170 16.857 17.867 16.555 18.635 21.579 21.443 20.885 21.441 18.171 17.632 14.590 14.322 13.480 10.832  7.137  5.914  4.388  6.454  8.376  6.881  3.825  0.000  3.827  6.588  9.631 12.396 11.408 12.975 12.544 15.125 13.282 10.722 13.947 13.304 16.729 18.793 18.759 15.346 13.668 10.224  9.348  9.770 10.013 12.529 13.047 16.556 18.659 21.186 23.228
 18.678 18.071 14.860 14.855 12.875 14.356 14.914 15.601 19.398 19.752 19.832 18.053 17.422 18.026 17.178 18.060 15.673 16.229 14.212 14.406 12.855 10.022  7.046  9.559 12.234 10.843 11.002 14.445 15.468 14.893 17.032 19.624 19.829 19.892 20.430 17.502 16.788 13.354 13.777 13.775 10.779  7.784  5.705  5.700  6.916  9.690  9.583  6.476  3.827  0.000  3.838  6.637  9.080  7.804  9.241  9.184 11.916 10.207  8.232 11.643 11.068 14.646 16.673 17.202 14.176 13.149  9.710 10.063 10.377 11.591 13.755 14.648 18.017 20.090 22.773 24.796
 20.182 20.051 17.198 17.603 15.619 17.416 17.613 18.463 22.260 22.425 22.474 20.840 19.728 20.236 18.820 19.334 16.554 16.723 14.830 14.012 12.380  8.885  6.618  8.055 11.328 11.183 11.058 13.936 15.745 15.721 17.176 19.787 20.708 20.934 20.859 17.972 16.472 12.718 12.790 13.771 11.414  9.131  8.247  9.265 10.707 13.325 13.003  9.539  6.588  3.838  0.000  3.837  5.936  5.843  8.626 10.109 12.508 10.294  9.681 13.342 13.358 16.989 18.991 19.954 17.279 16.506 13.059 13.432 13.015 13.831 15.166 15.436 18.413 19.961 22.536 24.478
 19.318 19.325 16.829 17.476 15.513 17.772 17.778 19.225 22.904 22.500 22.211 20.637 18.910 19.309 17.400 17.757 14.961 15.300 14.155 12.773 10.440  6.650  4.767  4.625  8.169  8.969  8.629 10.840 13.129 13.632 14.571 16.995 18.454 18.966 18.523 15.969 14.122 10.260 10.862 12.682 10.552  9.551  9.086 11.328 13.043 16.169 16.078 12.893  9.631  6.637  3.837  0.000  3.853  5.680  8.110 10.263 12.976 11.487 11.663 14.924 14.521 17.811 19.226 20.246 18.125 17.388 13.994 14.553 13.443 14.477 15.084 15.503 18.078 19.517 22.163 24.046
 19.447 20.190 18.221 19.561 18.177 20.802 21.189 22.797 26.482 25.958 25.386 23.497 21.500 21.330 18.951 18.551 15.265 14.695 13.288 11.056  9.483  5.877  6.362  6.353  8.912 10.699 11.277 12.668 14.851 16.174 17.037 18.915 20.675 21.708 21.252 19.077 17.102 13.287 14.036 16.276 14.280 13.344 12.512 14.334 15.338 18.193 18.527 15.159 12.396  9.080  5.936  3.853  0.000  3.811  6.774 10.048 11.814 10.087 11.499 14.550 14.886 18.102 19.733 21.412 19.596 19.544 16.495 17.647 16.927 18.217 18.892 19.267 21.718 22.937 25.478 27.261
 17.318 18.254 16.299 17.939 17.055 19.763 20.769 22.355 26.065 25.652 24.909 22.604 20.830 20.276 18.043 17.395 13.931 12.918 10.702  8.992  8.345  5.422  6.084  8.097  9.940 10.770 12.288 14.160 15.492 16.783 18.416 20.075 21.270 22.495 22.666 20.529 19.159 15.371 16.445 18.067 15.448 13.860 12.050 13.059 13.157 15.723 16.645 13.426 11.408  7.804  5.843  5.680  3.811  0.000  3.838  6.977  8.315  6.325  7.860 10.837 11.555 14.872 16.920 18.890 16.975 17.415 14.713 16.428 16.539 18.311 19.709 20.516 23.369 24.956 27.601 29.462
 13.653 14.925 13.418 15.641 15.487 18.610 20.190 22.225 25.765 24.983 23.732 21.015 19.016 17.854 15.412 14.273 10.661  9.267  6.879  5.537  5.373  4.125  5.880  8.696  9.076  9.426 12.029 13.635 14.063 15.764 17.878 18.936 19.802 21.513 22.196 20.521 19.742 16.210 18.037 19.422 16.375 15.034 12.509 13.459 12.865 15.547 17.234 14.572 12.975  9.241  8.626  8.110  6.774  3.838  0.000  3.828  5.270  5.155  6.908  8.734  8.979 11.805 13.569 15.865 14.469 15.506 13.428 15.897 16.430 18.890 20.540 21.986 24.932 26.867 29.652 31.534
 11.005 11.952 10.254 12.593 12.974 16.096 18.234 20.334 23.711 22.911 21.460 18.434 16.717 15.296 13.274 12.273  9.005  8.002  5.156  6.241  6.284  6.425  6.832 10.408 10.278  9.196 12.235 14.257 13.767 15.070 17.854 18.757 18.882 20.595 21.910 20.331 20.257 17.015 19.127 19.844 16.378 14.808 11.592 11.963 10.593 13.184 15.475 13.498 12.544  9.184 10.109 10.263 10.048  6.977  3.828  0.000  3.856  5.487  5.440  6.207  5.354  8.124  9.970 12.207 10.753 12.159 10.645 13.659 14.891 17.817 19.974 21.931 25.093 27.413 30.286 32.222
 11.850 13.669 12.703 15.460 16.361 19.408 21.792 23.760 27.100 26.407 24.879 21.675 20.038 18.220 16.128 14.485 11.110  8.863  5.078  5.939  8.058  8.882 10.242 13.563 13.316 12.771 15.925 17.653 17.131 18.742 21.471 22.115 22.302 24.238 25.593 24.121 23.949 20.626 22.621 23.497 20.098 18.336 15.124 14.988 13.034 14.845 17.458 15.484 15.125 11.916 12.508 12.976 11.814  8.315  5.270  3.856  0.000  3.857  5.423  4.685  5.933  8.089 10.581 13.619 12.512 14.693 13.748 16.919 18.506 21.383 23.674 25.502 28.705 30.927 33.749 35.662
 15.491 16.943 15.393 17.593 17.793 20.478 22.451 23.951 27.509 27.247 26.208 23.303 21.928 20.660 18.739 17.549 14.109 12.185  8.622  8.354  9.914  9.247 10.157 13.348 14.133 13.914 16.423 18.504 18.696 19.990 22.452 23.646 24.089 25.621 26.603 24.670 24.046 20.449 21.840 22.809 19.648 17.467 14.615 14.213 12.549 14.073 16.143 13.614 13.282 10.207 10.294 11.487 10.087  6.325  5.155  5.487  3.857  0.000  3.836  5.440  7.811 10.875 13.809 16.462 14.633 16.229 14.609 17.201 18.632 20.981 23.246 24.560 27.787 29.754 32.452 34.358
 15.278 15.952 13.776 15.389 15.424 17.678 19.766 20.958 24.461 24.486 23.662 20.809 19.959 19.014 17.734 17.180 14.222 13.121  9.686 10.612 11.385 10.493 10.047 13.679 14.730 13.554 15.801 18.483 18.407 19.013 21.821 23.299 23.234 24.382 25.658 23.497 23.255 19.816 21.106 21.443 18.079 15.481 12.315 11.179  9.014 10.293 12.577 10.442 10.722  8.232  9.681 11.663 11.499  7.860  6.908  5.440  5.423  3.836  0.000  3.853  5.613  9.239 12.448 14.481 11.997 13.275 11.665 14.141 16.048 18.399 21.076 22.563 25.981 28.190 30.905 32.864
 13.386 14.434 12.886 15.014 15.970 18.363 21.024 22.455 25.690 25.497 24.263 21.040 20.203 18.651 17.440 16.429 13.696 12.192  8.561 10.472 12.052 12.356 12.453 16.185 16.449 15.027 17.834 20.243 19.505 20.340 23.454 24.434 24.032 25.526 27.229 25.442 25.618 22.386 24.084 24.297 20.737 18.335 14.840 13.550 10.690 11.484 14.523 13.186 13.947 11.643 13.342 14.924 14.550 10.837  8.734  6.207  4.685  5.440  3.853  0.000  3.840  6.425 10.003 12.564 10.644 12.932 12.422 15.508 17.895 20.678 23.542 25.428 28.875 31.284 34.060 36.014
 10.695 11.052  9.169 11.220 12.426 14.951 17.839 19.582 22.651 22.170 20.698 17.364 16.516 14.913 13.963 13.311 11.069 10.461  7.557 10.358 11.027 11.646 11.171 14.951 14.801 12.678 15.571 18.027 16.794 17.375 20.742 21.589 20.805 22.281 24.285 22.689 23.315 20.407 22.452 22.356 18.629 16.536 12.812 11.784  8.954 10.454 13.672 12.852 13.304 11.068 13.358 14.521 14.886 11.555  8.979  5.354  5.933  7.811  5.613  3.840  0.000  3.833  6.953  9.035  7.038  9.389  9.230 12.685 15.159 18.308 21.195 23.511 26.923 29.579 32.439 34.406
  8.613  9.119  8.247 10.781 13.060 15.611 18.950 20.963 23.618 22.817 20.883 17.259 16.413 14.151 13.410 12.369 10.825 10.215  7.988 11.547 12.537 14.093 13.974 17.570 16.717 14.412 17.604 19.678 17.776 18.504 22.056 22.347 21.163 22.950 25.374 24.240 25.314 22.740 25.142 24.918 21.123 19.357 15.571 14.616 11.653 12.807 16.316 16.099 16.729 14.646 16.989 17.811 18.102 14.872 11.805  8.124  8.089 10.875  9.239  6.425  3.833  0.000  3.839  6.593  5.994  9.466 10.688 14.405 17.083 20.523 23.431 26.104 29.452 32.274 35.167 37.110
  5.728  5.726  5.940  8.932 12.007 14.771 18.264 20.750 23.037 21.697 19.256 15.486 14.328 11.494 10.833  9.649  9.109  9.278  8.538 12.330 12.796 14.941 14.869 18.084 16.548 14.006 17.305 18.930 16.403 17.218 20.830 20.588 19.066 21.131 23.866 23.250 24.748 22.612 25.417 25.117 21.344 20.163 16.479 16.081 13.570 15.150 18.515 18.551 18.793 16.673 18.991 19.226 19.733 16.920 13.569  9.970 10.581 13.809 12.448 10.003  6.953  3.839  0.000  3.844  5.572  9.071 11.015 14.773 17.168 20.862 23.524 26.549 29.703 32.657 35.598 37.503
  7.600  5.402  4.695  6.310  9.797 12.035 15.718 18.196 20.074 18.644 16.103 12.315 11.700  9.098  9.676  9.742 10.394 11.781 11.627 15.278 14.966 16.711 15.878 18.905 17.466 14.327 17.118 18.934 16.109 16.174 19.943 19.784 17.645 19.313 22.401 21.846 23.846 22.157 24.963 24.149 20.412 19.386 15.828 15.365 13.097 14.647 17.806 18.462 18.759 17.202 19.954 20.246 21.412 18.890 15.865 12.207 13.619 16.462 14.481 12.564  9.035  6.593  3.844  0.000  3.845  6.661  9.539 12.957 15.463 19.171 21.890 25.182 28.255 31.393 34.300 36.181
 10.128  8.153  5.603  6.025  8.364 10.207 13.834 15.808 18.078 17.256 15.362 11.784 11.761 10.221 10.978 11.664 11.525 12.833 11.817 15.221 14.743 15.656 14.202 17.504 16.832 13.524 15.927 18.408 16.152 15.721 19.524 20.100 18.132 19.246 22.081 20.888 22.640 20.675 23.059 22.036 18.246 16.668 12.996 11.956  9.410 10.843 14.001 14.769 15.346 14.176 17.279 18.125 19.596 16.975 14.469 10.753 12.512 14.633 11.997 10.644  7.038  5.994  5.572  3.845  0.000  3.833  6.507  9.969 12.948 16.481 19.541 22.621 25.891 29.006 31.871 33.799
 12.638  9.951  6.539  4.632  5.524  6.550 10.164 12.010 14.295 13.619 12.081  8.796  9.475  9.187 10.742 12.566 12.786 14.830 14.132 17.109 15.862 16.084 13.816 16.764 16.505 12.844 14.411 17.235 15.174 13.876 17.635 18.687 16.487 16.919 19.742 18.269 20.237 18.579 20.748 19.247 15.560 14.049 10.664  9.684  7.959  9.789 12.215 13.353 13.668 13.149 16.506 17.388 19.544 17.415 15.506 12.159 14.693 16.229 13.275 12.932  9.389  9.466  9.071  6.661  3.833  0.000  3.816  6.579  9.641 13.088 16.212 19.411 22.632 25.854 28.676 30.603
 13.878 11.594  7.800  6.122  4.701  6.064  8.715 10.457 13.515 13.102 12.175  9.483  9.708 10.220 11.071 13.041 12.559 14.599 13.707 16.023 14.310 13.712 10.886 13.712 14.095 10.522 11.556 14.817 13.475 11.968 15.505 17.184 15.533 15.655 17.918 15.906 17.388 15.400 17.288 15.877 12.138 10.356  6.875  6.215  5.465  8.446 10.146 10.585 10.224  9.710 13.059 13.994 16.495 14.713 13.428 10.645 13.748 14.609 11.665 12.422  9.230 10.688 11.015  9.539  6.507  3.816  0.000  3.833  6.638 10.085 13.211 16.162 19.505 22.609 25.467 27.456
 17.441 14.906 11.116  8.595  5.739  4.891  6.128  6.973 10.370 10.612 10.722  9.139 10.211 11.986 13.330 15.886 15.637 17.934 17.160 19.104 17.016 15.781 12.392 14.581 15.581 12.098 11.909 15.426 14.594 12.209 15.311 17.603 15.903 15.103 17.080 14.581 16.119 14.503 15.798 13.688 10.264  8.320  5.796  5.026  6.165  8.776  9.042  9.935  9.348 10.063 13.432 14.553 17.647 16.428 15.897 13.659 16.919 17.201 14.141 15.508 12.685 14.405 14.773 12.957  9.969  6.579  3.833  0.000  3.828  6.695 10.158 13.089 16.451 19.654 22.424 24.426
 18.816 16.283 12.650 10.125  6.432  5.752  4.668  6.015  9.632  9.458  9.943  9.317  9.788 12.299 13.337 16.203 16.029 18.651 18.364 19.752 17.064 15.419 11.787 13.006 14.219 10.992  9.669 13.120 12.821  9.901 12.427 15.199 13.830 12.482 13.925 11.085 12.533 11.246 12.429 10.079  6.801  5.792  4.808  6.288  8.944 11.915 11.402 11.548  9.770 10.377 13.015 13.443 16.927 16.539 16.430 14.891 18.506 18.632 16.048 17.895 15.159 17.083 17.168 15.463 12.948  9.641  6.638  3.828  0.000  3.820  6.629  9.842 13.052 16.298 19.159 21.206
 22.564 20.077 16.454 13.861 10.142  8.715  6.239  5.553  9.051  9.856 11.561 12.024 12.878 15.787 16.870 19.798 19.531 22.069 21.662 22.716 19.936 17.780 13.993 14.620 16.464 13.735 11.587 14.940 15.357 12.190 13.834 17.094 16.041 13.981 14.696 11.346 12.315 11.398 11.437  8.330  6.185  5.128  6.461  7.659 11.007 13.442 11.831 11.969 10.013 11.591 13.831 14.477 18.217 18.311 18.890 17.817 21.383 20.981 18.399 20.678 18.308 20.523 20.862 19.171 16.481 13.088 10.085  6.695  3.820  0.000  3.823  6.545  9.879 13.151 15.899 18.002
 24.491 22.045 18.661 16.165 12.364 11.238  8.049  7.792 10.375 10.653 12.497 13.669 14.024 17.199 18.021 21.034 20.883 23.593 23.597 24.236 21.090 18.761 15.099 14.743 16.613 14.405 11.432 14.196 15.155 11.818 12.399 15.948 15.341 12.764 12.611  9.025  9.655  9.576  9.100  5.455  4.985  6.107  8.794 10.924 14.464 17.091 15.351 15.053 12.529 13.755 15.166 15.084 18.892 19.709 20.540 19.974 23.674 23.246 21.076 23.542 21.195 23.431 23.524 21.890 19.541 16.212 13.211 10.158  6.629  3.823  0.000  3.828  6.578  9.967 12.839 15.013
 27.555 25.358 21.946 19.674 15.888 14.849 11.740 10.844 13.210 14.031 16.185 17.459 17.766 20.843 21.392 24.197 23.685 26.119 25.892 26.128 23.019 20.231 16.629 15.863 18.318 16.714 13.469 16.072 17.734 14.718 14.673 18.423 18.376 15.776 14.887 11.177 10.636 10.431  8.490  4.961  6.473  7.202 10.733 12.651 16.409 18.771 16.453 15.748 13.047 14.648 15.436 15.503 19.267 20.516 21.986 21.931 25.502 24.560 22.563 25.428 23.511 26.104 26.549 25.182 22.621 19.411 16.162 13.089  9.842  6.545  3.828  0.000  3.824  6.807  9.681 12.062
 30.335 28.093 24.840 22.514 18.738 17.635 14.229 13.364 15.008 15.644 17.927 19.708 19.919 23.160 23.697 26.579 26.250 28.809 28.855 28.901 25.619 22.830 19.414 18.103 20.421 19.156 15.621 17.606 19.484 16.463 15.654 19.335 19.522 16.602 15.095 11.692 10.863 11.633  9.249  6.198  9.059 10.615 14.185 16.281 20.028 22.390 20.007 19.307 16.556 18.017 18.413 18.078 21.718 23.369 24.932 25.093 28.705 27.787 25.981 28.875 26.923 29.452 29.703 28.255 25.891 22.632 19.505 16.451 13.052  9.879  6.578  3.824  0.000  3.829  6.754  9.202
 33.130 31.068 27.877 25.729 21.979 21.036 17.674 16.773 18.322 19.008 21.294 23.096 23.142 26.301 26.603 29.331 28.819 31.216 31.232 30.950 27.672 24.676 21.460 19.784 22.298 21.514 17.878 19.535 21.821 19.085 17.818 21.460 22.066 19.211 17.218 14.026 12.538 13.342 10.350  8.356 11.675 13.178 16.894 18.998 22.775 25.065 22.501 21.510 18.659 20.090 19.961 19.517 22.937 24.956 26.867 27.413 30.927 29.754 28.190 31.284 29.579 32.274 32.657 31.393 29.006 25.854 22.609 19.654 16.298 13.151  9.967  6.807  3.829  0.000  3.842  6.646
 36.103 34.026 30.831 28.627 24.875 23.778 20.350 19.196 20.438 21.315 23.778 25.772 25.943 29.166 29.530 32.276 31.779 34.155 34.151 33.797 30.537 27.482 24.326 22.570 25.126 24.461 20.811 22.331 24.680 21.971 20.538 24.094 24.753 21.805 19.668 16.688 15.157 16.146 13.062 11.374 14.708 16.079 19.782 21.708 25.457 27.558 24.818 23.894 21.186 22.773 22.536 22.163 25.478 27.601 29.652 30.286 33.749 32.452 30.905 34.060 32.439 35.167 35.598 34.300 31.871 28.676 25.467 22.424 19.159 15.899 12.839  9.681  6.754  3.842  0.000  3.812
 37.936 35.858 32.717 30.504 26.792 25.657 22.220 21.027 22.048 22.930 25.420 27.519 27.705 30.935 31.308 34.050 33.597 35.976 36.028 35.621 32.355 29.320 26.255 24.413 26.905 26.340 22.707 24.055 26.413 23.765 22.204 25.632 26.336 23.373 21.154 18.408 16.900 18.028 15.037 13.608 16.865 18.260 21.880 23.773 27.474 29.521 26.769 25.882 23.228 24.796 24.478 24.046 27.261 29.462 31.534 32.222 35.662 34.358 32.864 36.014 34.406 37.110 37.503 36.181 33.799 30.603 27.456 24.426 21.206 18.002 15.013 12.062  9.202  6.646  3.812  0.000
