  0.000  3.831  6.653 10.267 13.193 16.592 19.707 22.817 24.939 22.884 19.922 16.336 13.960 10.486  8.363  5.541  5.429  5.810  7.607 10.739 10.688 13.753 14.596 16.890 14.240 12.511 16.139 16.670 13.942 15.822 18.975 18.021 17.165 19.936 22.358 22.485 23.660 21.653 24.801 25.158 21.787 21.320 18.103 18.889 17.190 19.464 22.518 22.003 21.435 18.679 20.183 19.290 19.423 17.321 13.699 11.031 12.006 15.610 15.342 13.474 10.721  8.636  5.760  7.646 10.107 12.622 13.871 17.426 18.740 22.471 24.314 27.409 29.950 32.457 34.964 36.992
  3.831  0.000  3.825  6.859 10.117 13.275 16.492 19.615 21.492 19.350 16.308 12.672 10.533  7.009  5.873  4.739  6.317  8.426  9.997 13.166 12.263 14.634 14.504 16.788 14.378 11.795 14.979 15.880 12.782 13.851 17.318 16.529 14.979 17.416 20.239 20.361 22.033 20.372 23.504 23.323 19.895 19.540 16.361 17.114 15.639 18.019 20.896 20.811 20.270 17.982 19.976 19.246 20.117 18.183 14.923 11.925 13.737 16.953 15.900 14.407 10.982  9.068  5.688  5.409  8.056  9.858 11.495 14.805 16.153 19.934 21.814 25.146 27.564 30.207 32.655 34.647
  6.653  3.825  0.000  3.820  6.726 10.005 13.240 16.228 18.430 16.636 14.000 10.363  8.584  6.060  5.375  6.251  6.870  9.344 10.023 13.040 11.636 13.079 12.081 14.641 12.929  9.727 12.553 14.247 11.536 11.827 15.540 15.566 13.936 15.717 18.489 18.008 19.641 17.808 20.654 20.251 16.672 16.018 12.735 13.367 12.063 14.673 17.323 17.275 16.705 14.698 17.031 16.649 18.032 16.114 13.321 10.161 12.685 15.303 13.654 12.812  9.079  8.234  5.974  4.849  5.575  6.528  7.709 11.039 12.526 16.316 18.437 21.757 24.349 27.097 29.554 31.595
 10.267  6.859  3.820  0.000  3.818  6.462  9.888 12.831 14.783 12.986 10.423  6.741  5.843  4.710  6.197  8.758 10.034 12.917 13.517 16.308 14.461 15.181 13.305 15.608 14.389 10.706 12.526 14.620 11.916 10.982 14.804 15.217 12.914 13.927 17.032 16.402 18.554 17.179 19.810 18.733 15.194 14.651 11.628 12.147 11.358 13.962 16.148 16.637 16.107 14.859 17.606 17.459 19.531 17.909 15.698 12.657 15.552 17.629 15.406 15.051 11.255 10.839  8.941  6.357  6.054  4.698  6.134  8.612 10.115 13.846 16.029 19.583 22.014 24.905 27.262 29.251
 13.193 10.117  6.726  3.818  0.000  3.823  6.574  9.742 12.087 10.474  8.564  5.675  5.060  6.325  7.517 10.743 11.534 14.577 15.015 17.194 14.777 14.574 11.928 13.826 13.296  9.454 10.183 12.782 10.694  8.757 12.448 13.676 11.492 11.639 14.473 13.284 15.434 14.167 16.523 15.137 11.628 11.236  8.639  9.695 10.051 13.118 14.493 14.783 13.737 12.897 15.627 15.482 18.132 17.020 15.543 13.050 16.453 17.830 15.468 16.035 12.491 13.143 12.024  9.846  8.402  5.641  4.753  5.821  6.449 10.154 12.233 15.797 18.246 21.174 23.563 25.606
 16.592 13.275 10.005  6.462  3.823  0.000  3.827  6.434  8.544  7.407  6.336  4.425  6.315  8.751 10.897 14.298 15.325 18.328 18.550 20.782 18.413 17.868 14.847 16.605 16.568 12.781 12.713 15.496 13.690 10.989 14.276 15.845 13.258 12.416 15.336 13.890 16.413 15.633 17.427 15.285 12.056 11.531  9.529  9.878 10.600 13.082 13.852 14.895 14.227 14.394 17.442 17.757 20.771 19.738 18.672 16.175 19.492 20.515 17.725 18.428 15.017 15.691 14.761 12.026 10.229  6.611  6.066  4.942  5.772  8.759 11.098 14.784 17.041 20.130 22.308 24.247
 19.707 16.492 13.240  9.888  6.574  3.827  0.000  3.834  6.091  5.155  5.719  6.182  7.923 11.240 13.141 16.751 17.689 20.819 21.142 22.913 20.164 19.071 15.712 16.782 17.215 13.704 12.537 15.284 14.081 10.691 13.232 15.352 12.917 11.040 13.504 11.664 14.321 14.117 15.453 12.743 10.066 10.153  9.442 10.374 12.254 14.809 14.636 15.473 14.287 14.951 17.673 17.847 21.248 20.808 20.326 18.368 21.909 22.500 19.802 21.073 17.897 19.026 18.283 15.732 13.821 10.170  8.681  6.082  4.728  6.295  7.951 11.663 13.599 16.700 18.820 20.766
 22.817 19.615 16.228 12.831  9.742  6.434  3.834  0.000  3.857  5.572  7.941  9.076 11.501 14.713 16.740 20.271 21.025 23.948 23.874 25.658 23.078 21.667 18.101 19.280 20.224 16.816 15.415 18.405 17.589 14.134 16.336 18.758 16.437 14.161 16.246 14.026 16.405 16.242 16.802 13.716 11.479 10.959 10.747 10.758 12.780 14.617 13.724 15.113 14.398 15.958 18.864 19.614 23.156 22.662 22.568 20.629 24.018 24.200 21.191 22.639 19.743 21.067 20.730 18.097 15.757 11.966 10.514  7.098  6.362  6.095  8.143 11.293 13.155 16.298 18.109 19.917
 24.939 21.492 18.430 14.783 12.087  8.544  6.091  3.857  0.000  3.839  7.288  9.608 12.534 15.952 18.488 22.156 23.410 26.555 26.782 28.701 26.045 24.849 21.373 22.339 23.004 19.584 18.113 20.715 19.618 16.025 17.970 20.048 17.339 14.774 17.029 15.340 18.175 18.672 19.288 15.936 14.231 14.280 14.313 14.418 16.237 17.832 16.988 18.648 18.039 19.606 22.448 23.011 26.568 26.165 25.926 23.885 27.274 27.666 24.654 25.881 22.823 23.772 23.048 20.060 18.155 14.391 13.597 10.514  9.771  9.303 10.335 13.224 14.221 17.152 18.600 20.123
 22.884 19.350 16.636 12.986 10.474  7.407  5.155  5.572  3.839  0.000  3.810  6.931  9.600 13.189 15.876 19.622 21.287 24.684 25.406 27.337 24.518 23.690 20.465 21.208 21.316 17.890 16.577 18.706 17.166 13.634 15.625 17.203 14.182 11.787 14.484 13.470 16.762 17.555 18.832 15.684 13.872 14.601 14.407 15.214 16.925 19.049 18.760 20.055 19.068 19.954 22.610 22.619 26.051 25.753 25.147 23.087 26.583 27.398 24.666 25.674 22.335 22.968 21.724 18.676 17.364 13.768 13.223 10.804  9.668 10.148 10.655 13.984 14.797 17.631 19.259 20.822
 19.922 16.308 14.000 10.423  8.564  6.336  5.719  7.941  7.288  3.810  0.000  3.831  6.386  9.847 12.822 16.533 18.601 22.124 23.205 25.309 22.546 22.241 19.386 20.231 19.709 16.203 15.486 17.254 15.074 11.927 14.361 15.256 11.871 10.279 13.622 13.293 16.773 17.414 19.379 16.695 14.478 15.361 14.524 15.600 16.824 19.217 19.616 20.727 19.692 19.919 22.534 22.207 25.358 24.897 23.792 21.543 24.976 26.267 23.749 24.362 20.793 20.984 19.256 16.146 15.465 12.234 12.252 10.855 10.060 11.724 12.380 15.995 17.010 19.804 21.638 23.272
 16.336 12.672 10.363  6.741  5.675  4.425  6.182  9.076  9.608  6.931  3.831  0.000  3.829  6.646  9.838 13.412 15.471 18.877 19.883 22.261 19.781 19.863 17.288 18.641 17.805 14.111 14.245 16.150 13.573 11.034 14.208 14.831 11.540 11.048 14.591 14.233 17.379 17.301 19.619 17.455 14.607 14.978 13.260 14.123 14.660 17.112 18.168 19.204 18.393 18.159 20.920 20.657 23.493 22.616 21.100 18.540 21.799 23.391 20.918 21.160 17.481 17.380 15.505 12.377 11.914  8.988  9.598  9.298  9.438 12.163 13.563 17.330 18.944 21.840 23.899 25.679
 13.960 10.533  8.584  5.843  5.060  6.315  7.923 11.501 12.534  9.600  6.386  3.829  0.000  3.844  6.479 10.202 12.415 16.041 17.553 19.659 16.952 17.314 15.136 16.161 14.782 11.282 11.737 13.077 10.117  8.098 11.437 11.553  8.388  8.884 12.442 12.551 15.518 15.335 18.187 16.602 13.743 14.585 12.824 14.466 15.087 18.058 19.345 19.706 18.389 17.424 19.704 18.836 21.402 20.749 19.011 16.736 20.087 21.926 19.972 20.236 16.547 16.466 14.325 11.791 11.842  9.629  9.764 10.307  9.846 12.939 13.880 17.542 19.179 21.881 24.137 26.013
 10.486  7.009  6.060  4.710  6.325  8.751 11.240 14.713 15.952 13.189  9.847  6.646  3.844  0.000  3.820  7.026  9.771 13.310 15.131 17.556 15.264 16.429 14.979 16.370 14.342 11.036 12.658 13.612 10.168  9.561 13.056 12.429  9.694 11.432 14.815 15.232 17.794 17.150 20.293 19.265 16.189 16.713 14.359 15.788 15.634 18.500 20.435 20.666 19.575 18.045 20.231 19.260 21.254 20.214 17.860 15.318 18.284 20.679 19.038 18.690 14.947 14.202 11.503  9.230 10.326  9.354 10.301 12.088 12.358 15.841 17.081 20.664 22.524 25.173 27.499 29.397
  8.363  5.873  5.375  6.197  7.517 10.897 13.141 16.740 18.488 15.876 12.822  9.838  6.479  3.820  0.000  3.812  6.278 10.005 12.247 14.273 11.822 13.307 12.457 13.675 11.153  8.280 10.620 11.093  7.595  8.338 11.702 10.844  9.171 11.688 14.431 14.838 16.735 15.631 19.019 18.698 15.641 16.233 13.843 15.722 15.594 18.762 20.794 20.370 18.917 16.737 18.373 16.949 18.501 17.593 15.052 12.917 15.869 18.387 17.351 17.121 13.630 13.181 10.690  9.689 10.775 10.567 10.749 13.043 13.015 16.544 17.606 20.892 22.916 25.379 27.848 29.834
  5.541  4.739  6.251  8.758 10.743 14.298 16.751 20.271 22.156 19.622 16.533 13.412 10.202  7.026  3.812  0.000  3.828  7.165 10.099 12.130 10.268 12.739 12.985 14.307 11.234  9.295 12.425 12.340  9.077 11.063 13.997 12.662 11.782 14.803 17.158 17.727 19.142 17.701 21.170 21.392 18.358 18.761 16.167 17.908 17.299 20.299 22.706 22.017 20.670 18.001 19.265 17.664 18.448 17.308 14.238 12.233 14.532 17.545 17.150 16.418 13.269 12.348  9.659  9.862 11.660 12.604 13.035 15.887 16.154 19.727 20.867 23.970 26.106 28.449 30.956 32.950
  5.429  6.317  6.870 10.034 11.534 15.325 17.689 21.025 23.410 21.287 18.601 15.471 12.415  9.771  6.278  3.828  0.000  3.821  6.680  8.367  6.571  9.366 10.264 11.892  8.931  7.616 11.306 11.462  9.126 11.578 14.332 13.614 13.566 16.357 18.159 18.154 18.857 16.743 20.004 20.757 17.662 17.662 14.955 16.666 15.939 18.961 21.385 20.197 18.763 15.680 16.543 14.926 15.202 13.883 10.648  8.988 11.169 14.129 14.229 13.706 11.049 10.806  9.133 10.516 11.533 12.869 12.633 15.726 16.062 19.536 20.833 23.610 26.051 28.319 30.901 32.977
  5.810  8.426  9.344 12.917 14.577 18.328 20.819 23.948 26.555 24.684 22.124 18.877 16.041 13.310 10.005  7.165  3.821  0.000  3.877  5.425  5.390  9.001 11.019 12.928 10.244  9.905 13.708 13.866 12.227 14.911 17.413 16.814 17.175 19.955 21.487 21.281 21.521 19.000 22.013 23.184 20.099 19.687 16.845 18.189 17.006 19.669 22.325 20.864 19.672 16.294 16.779 15.339 14.707 12.942  9.299  8.005  8.951 12.260 13.170 12.220 10.445 10.166  9.281 11.859 12.821 14.900 14.697 18.049 18.713 22.104 23.603 26.145 28.786 30.985 33.575 35.671
  7.607  9.997 10.023 13.517 15.015 18.550 21.142 23.874 26.782 25.406 23.205 19.883 17.553 15.131 12.247 10.099  6.680  3.877  0.000  3.839  5.540  8.348 10.306 13.011 11.329 10.855 14.534 15.491 14.408 16.594 19.253 19.318 19.625 21.958 23.442 22.651 22.643 19.679 22.224 23.440 20.188 19.080 15.981 16.698 15.042 17.293 20.079 18.500 17.721 14.346 14.940 14.241 13.323 10.752  6.934  5.209  5.181  8.721  9.783  8.621  7.593  7.970  8.579 11.722 11.849 14.259 13.888 17.358 18.501 21.771 23.701 26.074 29.029 31.315 33.890 36.022
 10.739 13.166 13.040 16.308 17.194 20.782 22.913 25.658 28.701 27.337 25.309 22.261 19.659 17.556 14.273 12.130  8.367  5.425  3.839  0.000  3.838  6.533  9.644 11.630 10.106 10.937 14.306 14.791 14.520 17.113 19.145 19.309 20.340 22.679 23.568 22.711 22.092 18.942 21.336 23.131 20.250 19.349 16.750 17.919 16.808 19.240 21.601 19.435 18.156 14.475 14.065 12.812 11.058  9.017  5.538  6.225  5.989  8.416 10.663 10.495 10.344 11.509 12.363 15.355 15.203 17.183 16.138 19.241 19.828 22.757 24.302 26.252 29.140 31.140 33.722 35.854
 10.688 12.263 11.636 14.461 14.777 18.413 20.164 23.078 26.045 24.518 22.546 19.781 16.952 15.264 11.822 10.268  6.571  5.390  5.540  3.838  0.000  3.841  6.824  8.303  6.334  7.351 10.659 10.972 10.857 13.503 15.359 15.639 16.847 19.095 19.808 18.984 18.363 15.340 17.970 19.737 16.975 16.544 14.267 16.104 15.702 18.691 20.670 18.453 16.594 12.907 12.430 10.482  9.494  8.365  5.383  6.255  8.088  9.941 11.407 12.044 10.973 12.465 12.770 15.001 14.674 15.899 14.381 17.122 17.118 19.962 21.140 23.091 25.809 27.748 30.363 32.507
 13.753 14.634 13.079 15.181 14.574 17.868 19.071 21.667 24.849 23.690 22.241 19.863 17.314 16.429 13.307 12.739  9.366  9.001  8.348  6.533  3.841  0.000  3.833  5.231  5.108  6.527  8.824  9.804 10.837 12.833 14.325 15.487 16.947 18.541 18.794 17.344 16.197 12.776 14.908 16.936 14.360 13.739 11.924 13.991 14.224 17.345 18.729 16.081 13.767 10.034  8.916  6.691  5.902  5.431  4.113  6.360  8.859  9.222 10.467 12.303 11.543 13.983 14.864 16.674 15.511 16.047 13.710 15.829 15.423 17.761 18.809 20.326 23.150 24.975 27.585 29.763
 14.596 14.504 12.081 13.305 11.928 14.847 15.712 18.101 21.373 20.465 19.386 17.288 15.136 14.979 12.457 12.985 10.264 11.019 10.306  9.644  6.824  3.833  0.000  3.844  5.376  4.963  6.322  8.668  9.842 10.713 12.469 14.380 15.407 16.338 16.693 14.717 13.768 10.235 12.164 13.716 10.845  9.966  8.157 10.523 11.377 14.789 15.749 13.191 10.553  7.058  6.642  4.786  6.353  6.069  5.922  6.844 10.260 10.142 10.042 12.437 11.118 13.923 14.826 15.863 14.083 13.799 10.893 12.453 11.799 13.979 15.152 16.742 19.716 21.738 24.376 26.606
 16.890 16.788 14.641 15.608 13.826 16.605 16.782 19.280 22.339 21.208 20.231 18.641 16.161 16.370 13.675 14.307 11.892 12.928 13.011 11.630  8.303  5.231  3.844  0.000  3.846  5.433  5.084  6.288  8.799  9.930 10.496 12.561 14.413 15.247 14.781 12.914 11.240  7.699  9.835 12.109 10.081 10.369  9.884 12.982 14.581 18.092 18.572 15.870 12.687  9.606  8.113  4.678  6.347  8.081  8.683 10.380 13.540 13.308 13.670 16.152 14.882 17.492 18.009 18.882 17.386 16.761 13.728 14.672 13.064 14.668 14.875 15.981 18.529 20.124 22.775 24.986
 14.240 14.378 12.929 14.389 13.296 16.568 17.215 20.224 23.004 21.316 19.709 17.805 14.782 14.342 11.153 11.234  8.931 10.244 11.329 10.106  6.334  5.108  5.376  3.846  0.000  3.861  5.378  4.903  6.320  8.777  9.639 10.562 12.494 14.225 14.161 13.236 12.244  9.446 12.457 14.366 12.193 12.933 11.877 14.932 16.008 19.597 20.646 18.326 15.490 12.258 11.385  8.241  8.968  9.962  9.080 10.225 13.300 14.114 14.706 16.390 14.687 16.583 16.417 17.396 16.663 16.448 14.057 15.609 14.222 16.462 16.657 18.311 20.602 22.273 24.927 27.077
 12.511 11.795  9.727 10.706  9.454 12.781 13.704 16.816 19.584 17.890 16.203 14.111 11.282 11.036  8.280  9.295  7.616  9.905 10.855 10.937  7.351  6.527  4.963  5.433  3.861  0.000  3.849  5.396  5.106  6.468  8.746  9.958 10.718 12.212 13.027 11.905 11.896  9.308 12.433 13.363 10.472 10.931  9.234 12.185 13.168 16.859 18.043 16.242 13.698 10.830 11.193  8.983 10.717 10.780  9.497  9.228 12.837 13.935 13.555 15.021 12.628 14.362 13.955 14.320 13.403 12.808 10.480 12.097 10.950 13.674 14.347 16.617 19.090 21.202 23.879 26.064
 16.139 14.979 12.553 12.526 10.183 12.713 12.537 15.415 18.113 16.577 15.486 14.245 11.737 12.658 10.620 12.425 11.306 13.708 14.534 14.306 10.659  8.824  6.322  5.084  5.378  3.849  0.000  3.841  5.400  5.059  6.263  8.788  9.897 10.350 10.393  8.608  8.195  5.561  8.818  9.686  7.196  8.607  8.251 11.868 13.897 17.669 18.074 16.179 13.095 10.866 10.922  8.494 11.157 12.167 11.997 12.204 15.906 16.327 15.706 17.759 15.486 17.551 17.273 17.146 15.826 14.399 11.499 11.899  9.636 11.520 11.399 13.312 15.584 17.544 20.270 22.501
 16.670 15.880 14.247 14.620 12.782 15.496 15.284 18.405 20.715 18.706 17.254 16.150 13.077 13.612 11.093 12.340 11.462 13.866 15.491 14.791 10.972  9.804  8.668  6.288  4.903  5.396  3.841  0.000  3.844  5.414  4.899  6.338  8.747 10.009  9.385  8.811  8.109  6.479 10.162 11.547 10.034 12.130 12.074 15.682 17.547 21.317 21.870 19.907 16.774 14.317 13.790 10.680 12.530 14.054 13.618 14.253 17.683 18.449 18.427 20.217 17.988 19.678 18.966 19.043 18.370 17.272 14.793 15.421 13.068 14.834 14.080 15.742 17.405 18.920 21.566 23.674
 13.942 12.782 11.536 11.916 10.694 13.690 14.081 17.589 19.618 17.166 15.074 13.573 10.117 10.168  7.595  9.077  9.126 12.227 14.408 14.520 10.857 10.837  9.842  8.799  6.320  5.106  5.400  3.844  0.000  3.855  5.326  5.067  6.261  8.591  9.359  9.663 10.416  9.422 13.173 13.732 11.639 13.488 12.634 15.905 17.248 20.973 22.001 20.557 17.883 15.463 15.731 13.095 14.863 15.559 14.243 13.958 17.383 18.855 18.539 19.679 16.940 17.958 16.603 16.355 16.253 15.297 13.523 14.604 12.733 15.200 14.884 17.279 18.929 20.784 23.378 25.427
 15.822 13.851 11.827 10.982  8.757 10.989 10.691 14.134 16.025 13.634 11.927 11.034  8.098  9.561  8.338 11.063 11.578 14.911 16.594 17.113 13.503 12.833 10.713  9.930  8.777  6.468  5.059  5.414  3.855  0.000  3.847  5.437  5.077  5.767  7.074  6.720  8.476  8.088 11.576 11.155  8.981 11.180 10.761 14.088 15.942 19.645 20.238 19.153 16.485 14.796 15.599 13.495 16.081 16.749 15.880 15.230 18.941 20.067 19.079 20.473 17.514 18.713 17.459 16.483 15.873 14.053 12.021 12.206  9.789 11.976 11.444 14.123 15.676 17.778 20.369 22.451
 18.975 17.318 15.540 14.804 12.448 14.276 13.232 16.336 17.970 15.625 14.361 14.208 11.437 13.056 11.702 13.997 14.332 17.413 19.253 19.145 15.359 14.325 12.469 10.496  9.639  8.746  6.263  4.899  5.326  3.847  0.000  3.842  5.567  5.566  4.548  4.772  5.845  6.671 10.188 10.188  9.325 12.394 13.006 16.638 18.945 22.676 22.875 21.476 18.407 16.778 16.870 14.255 16.772 18.226 17.859 17.899 21.552 22.384 21.752 23.473 20.788 22.200 21.047 20.253 19.643 17.787 15.507 15.266 12.292 13.567 11.993 13.886 14.787 16.308 18.861 20.880
 18.021 16.529 15.566 15.217 13.676 15.845 15.352 18.758 20.048 17.203 15.256 14.831 11.553 12.429 10.844 12.662 13.614 16.814 19.318 19.309 15.639 15.487 14.380 12.561 10.562  9.958  8.788  6.338  5.067  5.437  3.842  0.000  3.846  6.034  5.835  7.970  9.329 10.251 13.850 13.992 13.028 15.875 15.948 19.414 21.251 24.971 25.606 24.341 21.468 19.516 19.638 16.829 18.822 20.079 19.111 18.987 22.423 23.803 23.429 24.661 21.816 22.673 20.983 20.245 20.355 18.921 17.263 17.583 15.045 16.796 15.442 17.558 18.256 19.670 22.067 23.914
 17.165 14.979 13.936 12.914 11.492 13.258 12.917 16.437 17.339 14.182 11.871 11.540  8.388  9.694  9.171 11.782 13.566 17.175 19.625 20.340 16.847 16.947 15.407 14.413 12.494 10.718  9.897  8.747  6.261  5.077  5.567  3.846  0.000  3.828  6.095  8.284 10.931 11.973 15.413 14.679 13.236 15.825 15.525 18.620 20.255 23.819 24.575 23.857 21.370 19.782 20.621 18.347 20.662 21.374 20.114 19.269 22.782 24.395 23.499 24.425 21.206 21.693 19.670 18.306 18.567 16.845 15.687 15.885 13.625 15.650 14.641 17.356 18.072 19.887 22.200 24.008
 19.936 17.416 15.717 13.927 11.639 12.416 11.040 14.161 14.774 11.787 10.279 11.048  8.884 11.432 11.688 14.803 16.357 19.955 21.958 22.679 19.095 18.541 16.338 15.247 14.225 12.212 10.350 10.009  8.591  5.767  5.566  6.034  3.828  0.000  3.852  5.696  9.183 11.003 13.872 12.378 11.420 14.355 14.750 17.835 19.998 23.472 23.689 23.141 20.582 19.611 20.594 18.626 21.455 22.354 21.611 20.794 24.505 25.682 24.422 25.717 22.520 23.354 21.641 19.921 19.610 17.234 15.713 14.989 12.181 13.444 11.866 14.478 14.797 16.632 18.866 20.664
 22.358 20.239 18.489 17.032 14.473 15.336 13.504 16.246 17.029 14.484 13.622 14.591 12.442 14.815 14.431 17.158 18.159 21.487 23.442 23.568 19.808 18.794 16.693 14.781 14.161 13.027 10.393  9.385  9.359  7.074  4.548  5.835  6.095  3.852  0.000  3.824  6.556  9.311 11.926 10.872 11.001 14.498 15.680 19.122 21.704 25.282 25.143 24.150 21.172 20.160 20.502 18.160 20.945 22.472 22.226 22.049 25.771 26.586 25.648 27.352 24.466 25.701 24.295 22.947 22.404 20.072 18.030 17.092 13.815 14.369 12.001 13.715 13.562 14.799 17.056 18.852
 22.485 20.361 18.008 16.402 13.284 13.890 11.664 14.026 15.340 13.470 13.293 14.233 12.551 15.232 14.838 17.727 18.154 21.281 22.651 22.711 18.984 17.344 14.717 12.914 13.236 11.905  8.608  8.811  9.663  6.720  4.772  7.970  8.284  5.696  3.824  0.000  3.897  6.494  8.619  7.136  7.388 11.021 12.718 16.185 19.122 22.641 22.131 21.005 17.913 17.233 17.589 15.582 18.731 20.297 20.528 20.466 24.261 24.608 23.468 25.545 22.874 24.570 23.680 22.404 21.244 18.676 16.110 14.723 11.144 11.159  8.585 10.095 10.386 11.952 14.522 16.619
 23.660 22.033 19.641 18.554 15.434 16.413 14.321 16.405 18.175 16.762 16.773 17.379 15.518 17.794 16.735 19.142 18.857 21.521 22.643 22.092 18.363 16.197 13.768 11.240 12.244 11.896  8.195  8.109 10.416  8.476  5.845  9.329 10.931  9.183  6.556  3.897  0.000  3.893  5.617  5.669  6.990 10.642 12.878 16.540 19.662 23.208 22.486 20.773 17.314 16.420 15.973 13.619 16.605 18.758 19.551 20.187 23.855 23.767 23.034 25.500 23.285 25.405 24.943 24.180 22.786 20.484 17.483 16.234 12.645 12.291  9.642  9.991 10.472 11.418 14.104 16.281
 21.653 20.372 17.808 17.179 14.167 15.633 14.117 16.242 18.672 17.555 17.414 17.301 15.335 17.150 15.631 17.701 16.743 19.000 19.679 18.942 15.340 12.776 10.235  7.699  9.446  9.308  5.561  6.479  9.422  8.088  6.671 10.251 11.973 11.003  9.311  6.494  3.893  0.000  3.843  5.510  5.397  8.294 10.231 13.965 16.949 20.524 19.940 17.835 14.255 12.957 12.223  9.773 12.825 14.961 15.976 16.863 20.444 20.110 19.519 22.164 20.252 22.677 22.637 22.294 20.639 18.657 15.380 14.535 11.308 11.379  9.703 10.183 11.831 13.134 15.897 18.176
 24.801 23.504 20.654 19.810 16.523 17.427 15.453 16.802 19.288 18.832 19.379 19.619 18.187 20.293 19.019 21.170 20.004 22.013 22.224 21.336 17.970 14.908 12.164  9.835 12.457 12.433  8.818 10.162 13.173 11.576 10.188 13.850 15.413 13.872 11.926  8.619  5.617  3.843  0.000  3.842  5.566  7.943 10.929 14.273 17.649 20.910 19.677 17.404 13.710 13.144 12.090 10.279 13.489 15.887 17.656 18.799 22.236 21.284 20.572 23.623 22.074 24.860 25.241 24.884 22.795 20.602 17.052 15.621 12.336 11.291  9.293  8.371 10.023 10.892 13.609 15.965
 25.158 23.323 20.251 18.733 15.137 15.285 12.743 13.716 15.936 15.684 16.695 17.455 16.602 19.265 18.698 21.392 20.757 23.184 23.440 23.131 19.737 16.936 13.716 12.109 14.366 13.363  9.686 11.547 13.732 11.155 10.188 13.992 14.679 12.378 10.872  7.136  5.669  5.510  3.842  0.000  3.833  6.834 10.203 13.317 16.929 20.069 18.596 16.954 13.564 13.765 13.707 12.583 16.161 17.986 19.437 19.905 23.530 22.765 21.457 24.335 22.410 24.999 25.181 24.268 22.080 19.387 15.968 13.855 10.259  8.520  5.811  4.925  6.657  8.337 11.301 13.812
 21.787 19.895 16.672 15.194 11.628 12.056 10.066 11.479 14.231 13.872 14.478 14.607 13.743 16.189 15.641 18.358 17.662 20.099 20.188 20.250 16.975 14.360 10.845 10.081 12.193 10.472  7.196 10.034 11.639  8.981  9.325 13.028 13.236 11.420 11.001  7.388  6.990  5.397  5.566  3.833  0.000  3.818  6.589  9.933 13.391 16.707 15.646 14.113 10.843 10.785 11.426 10.605 14.343 15.514 16.558 16.573 20.267 19.723 18.159 20.847 18.750 21.274 21.487 20.570 18.300 15.670 12.204 10.330  6.861  6.102  4.955  6.223  9.024 11.401 14.224 16.645
 21.320 19.540 16.018 14.651 11.236 11.531 10.153 10.959 14.280 14.601 15.361 14.978 14.585 16.713 16.233 18.761 17.662 19.687 19.080 19.349 16.544 13.739  9.966 10.369 12.933 10.931  8.607 12.130 13.488 11.180 12.394 15.875 15.825 14.355 14.498 11.021 10.642  8.294  7.943  6.834  3.818  0.000  3.827  6.581 10.227 13.324 12.047 10.372  7.148  7.709  9.062  9.483 13.271 13.776 15.043 14.831 18.325 17.390 15.430 18.301 16.509 19.351 20.130 19.366 16.575 14.035 10.321  8.360  5.839  5.165  6.293  7.488 11.001 13.565 16.167 18.507
 18.103 16.361 12.735 11.628  8.639  9.529  9.442 10.747 14.313 14.407 14.524 13.260 12.824 14.359 13.843 16.167 14.955 16.845 15.981 16.750 14.267 11.924  8.157  9.884 11.877  9.234  8.251 12.074 12.634 10.761 13.006 15.948 15.525 14.750 15.680 12.718 12.878 10.231 10.929 10.203  6.589  3.827  0.000  3.821  6.900 10.403 10.054  8.574  5.962  5.717  8.297  9.150 12.562 12.078 12.630 11.705 15.202 14.634 12.330 14.863 12.828 15.596 16.469 15.799 12.888 10.611  6.816  5.780  4.778  6.401  8.826 10.923 14.351 17.067 19.606 21.865
 18.889 17.114 13.367 12.147  9.695  9.878 10.374 10.758 14.418 15.214 15.600 14.123 14.466 15.788 15.722 17.908 16.666 18.189 16.698 17.919 16.104 13.991 10.523 12.982 14.932 12.185 11.868 15.682 15.905 14.088 16.638 19.414 18.620 17.835 19.122 16.185 16.540 13.965 14.273 13.317  9.933  6.581  3.821  0.000  3.824  6.829  6.313  5.475  4.494  5.775  9.350 11.413 14.403 13.112 13.608 12.115 15.093 14.264 11.232 13.610 11.851 14.686 16.100 15.335 11.872  9.633  6.196  5.036  6.294  7.633 10.971 12.955 16.480 19.317 21.635 23.783
 17.190 15.639 12.063 11.358 10.051 10.600 12.254 12.780 16.237 16.925 16.824 14.660 15.087 15.634 15.594 17.299 15.939 17.006 15.042 16.808 15.702 14.224 11.377 14.581 16.008 13.168 13.897 17.547 17.248 15.942 18.945 21.251 20.255 19.998 21.704 19.122 19.662 16.949 17.649 16.929 13.391 10.227  6.900  3.824  0.000  3.848  5.515  5.516  6.528  6.937 10.728 13.045 15.318 13.123 12.918 10.656 13.061 12.536  9.007 10.697  8.971 11.675 13.534 13.006  9.286  7.877  5.445  6.205  8.948 11.008 14.491 16.703 20.173 23.042 25.312 27.401
 19.464 18.019 14.673 13.962 13.118 13.082 14.809 14.617 17.832 19.049 19.217 17.112 18.058 18.500 18.762 20.299 18.961 19.669 17.293 19.240 18.691 17.345 14.789 18.092 19.597 16.859 17.669 21.317 20.973 19.645 22.676 24.971 23.819 23.472 25.282 22.641 23.208 20.524 20.910 20.069 16.707 13.324 10.403  6.829  3.848  0.000  3.849  5.585  8.416  9.622 13.240 16.080 18.036 15.515 15.409 13.060 14.639 13.821 10.044 11.249 10.294 12.683 15.009 14.490 10.695  9.742  8.476  8.934 12.045 13.604 17.269 19.259 22.710 25.586 27.671 29.655
 22.518 20.896 17.323 16.148 14.493 13.852 14.636 13.724 16.988 18.760 19.616 18.168 19.345 20.435 20.794 22.706 21.385 22.325 20.079 21.601 20.670 18.729 15.749 18.572 20.646 18.043 18.074 21.870 22.001 20.238 22.875 25.606 24.575 23.689 25.143 22.131 22.486 19.940 19.677 18.596 15.646 12.047 10.054  6.313  5.515  3.849  0.000  3.820  6.956  9.570 12.986 16.091 18.463 16.514 17.183 15.436 17.306 15.922 12.364 14.319 13.562 16.231 18.426 17.705 13.892 12.210 10.221  9.261 11.651 12.131 15.707 17.157 20.588 23.367 25.299 27.228
 22.003 20.811 17.275 16.637 14.783 14.895 15.473 15.113 18.648 20.055 20.727 19.204 19.706 20.666 20.370 22.017 20.197 20.864 18.500 19.435 18.453 16.081 13.191 15.870 18.326 16.242 16.179 19.907 20.557 19.153 21.476 24.341 23.857 23.141 24.150 21.005 20.773 17.835 17.404 16.954 14.113 10.372  8.574  5.475  5.516  5.585  3.820  0.000  3.825  6.432  9.498 12.853 15.082 13.320 14.548 13.491 15.409 13.488 10.341 13.111 12.811 16.076 18.497 18.371 14.650 13.298 10.579 10.005 11.596 12.025 15.207 16.253 19.839 22.389 24.459 26.485
 21.435 20.270 16.705 16.107 13.737 14.227 14.287 14.398 18.039 19.068 19.692 18.393 18.389 19.575 18.917 20.670 18.763 19.672 17.721 18.156 16.594 13.767 10.553 12.687 15.490 13.698 13.095 16.774 17.883 16.485 18.407 21.468 21.370 20.582 21.172 17.913 17.314 14.255 13.710 13.564 10.843  7.148  5.962  4.494  6.528  8.416  6.956  3.825  0.000  3.826  6.576  9.634 12.373 11.374 13.043 12.635 15.153 13.244 10.717 13.967 13.348 16.789 18.830 18.771 15.299 13.690 10.279  9.458  9.847 10.056 12.695 13.502 17.131 19.540 21.779 23.912
 18.679 17.982 14.698 14.859 12.897 14.394 14.951 15.958 19.606 19.954 19.919 18.159 17.424 18.045 16.737 18.001 15.680 16.294 14.346 14.475 12.907 10.034  7.058  9.606 12.258 10.830 10.866 14.317 15.463 14.796 16.778 19.516 19.782 19.611 20.160 17.233 16.420 12.957 13.144 13.765 10.785  7.709  5.717  5.775  6.937  9.622  9.570  6.432  3.826  0.000  3.839  6.630  9.062  7.786  9.317  9.268 11.958 10.202  8.255 11.674 11.089 14.673 16.680 17.186 14.083 13.127  9.721 10.117 10.373 11.552 13.826 14.944 18.485 20.780 23.200 25.401
 20.183 19.976 17.031 17.606 15.627 17.442 17.673 18.864 22.448 22.610 22.534 20.920 19.704 20.231 18.373 19.265 16.543 16.779 14.940 14.065 12.430  8.916  6.642  8.113 11.385 11.193 10.922 13.790 15.731 15.599 16.870 19.638 20.621 20.594 20.502 17.589 15.973 12.223 12.090 13.707 11.426  9.062  8.297  9.350 10.728 13.240 12.986  9.498  6.576  3.839  0.000  3.839  5.926  5.838  8.684 10.163 12.526 10.271  9.694 13.356 13.354 16.990 18.991 19.943 17.179 16.489 13.072 13.490 13.021 13.799 15.274 15.733 19.068 20.899 23.311 25.501
 19.290 19.246 16.649 17.459 15.482 17.757 17.847 19.614 23.011 22.619 22.207 20.657 18.836 19.260 16.949 17.664 14.926 15.339 14.241 12.812 10.482  6.691  4.786  4.678  8.241  8.983  8.494 10.680 13.095 13.495 14.255 16.829 18.347 18.626 18.160 15.582 13.619  9.773 10.279 12.583 10.605  9.483  9.150 11.413 13.045 16.080 16.091 12.853  9.634  6.630  3.839  0.000  3.852  5.684  8.153 10.288 12.989 11.465 11.668 14.922 14.489 17.783 19.204 20.236 18.012 17.366 13.991 14.599 13.439 14.438 15.175 15.685 18.670 20.263 22.791 25.005
 19.423 20.117 18.032 19.531 18.132 20.771 21.248 23.156 26.568 26.051 25.358 23.493 21.402 21.254 18.501 18.448 15.202 14.707 13.323 11.058  9.494  5.902  6.353  6.347  8.968 10.717 11.157 12.530 14.863 16.081 16.772 18.822 20.662 21.455 20.945 18.731 16.605 12.825 13.489 16.161 14.343 13.271 12.562 14.403 15.318 18.036 18.463 15.082 12.373  9.062  5.926  3.852  0.000  3.811  6.759 10.017 11.782 10.037 11.477 14.514 14.816 18.032 19.690 21.383 19.460 19.504 16.484 17.684 16.914 18.172 18.976 19.447 22.344 23.760 26.219 28.363
 17.321 18.183 16.114 17.909 17.020 19.738 20.808 22.662 26.165 25.753 24.897 22.616 20.749 20.214 17.593 17.308 13.883 12.942 10.752  9.017  8.365  5.431  6.069  8.081  9.962 10.780 12.167 14.054 15.559 16.749 18.226 20.079 21.374 22.354 22.472 20.297 18.758 14.961 15.887 17.986 15.514 13.776 12.078 13.112 13.123 15.515 16.514 13.320 11.374  7.786  5.838  5.684  3.811  0.000  3.834  6.942  8.282  6.277  7.831 10.797 11.479 14.797 16.878 18.849 16.831 17.364 14.706 16.462 16.518 18.258 19.766 20.719 23.896 25.685 28.163 30.326
 13.699 14.923 13.321 15.698 15.543 18.672 20.326 22.568 25.926 25.147 23.792 21.100 19.011 17.860 15.052 14.238 10.648  9.299  6.934  5.538  5.383  4.113  5.922  8.683  9.080  9.497 11.997 13.618 14.243 15.880 17.859 19.111 20.114 21.611 22.226 20.528 19.551 15.976 17.656 19.437 16.558 15.043 12.630 13.608 12.918 15.409 17.183 14.548 13.043  9.317  8.684  8.153  6.759  3.834  0.000  3.825  5.261  5.148  6.941  8.733  8.953 11.769 13.579 15.899 14.412 15.555 13.531 16.035 16.508 18.934 20.647 22.205 25.343 27.356 29.906 32.080
 11.031 11.925 10.161 12.657 13.050 16.175 18.368 20.629 23.885 23.087 21.543 18.540 16.736 15.318 12.917 12.233  8.988  8.005  5.209  6.225  6.255  6.360  6.844 10.380 10.225  9.228 12.204 14.253 13.958 15.230 17.899 18.987 19.269 20.794 22.049 20.466 20.187 16.863 18.799 19.905 16.573 14.831 11.705 12.115 10.656 13.060 15.436 13.491 12.635  9.268 10.163 10.288 10.017  6.942  3.825  0.000  3.855  5.487  5.475  6.207  5.331  8.087  9.971 12.233 10.706 12.220 10.772 13.812 14.979 17.875 20.058 22.144 25.355 27.695 30.247 32.421
 12.006 13.737 12.685 15.552 16.453 19.492 21.909 24.018 27.274 26.583 24.976 21.799 20.087 18.284 15.869 14.532 11.169  8.951  5.181  5.989  8.088  8.859 10.260 13.540 13.300 12.837 15.906 17.683 17.383 18.941 21.552 22.423 22.782 24.505 25.771 24.261 23.855 20.444 22.236 23.530 20.267 18.325 15.202 15.093 13.061 14.639 17.306 15.409 15.153 11.958 12.526 12.989 11.782  8.282  5.261  3.855  0.000  3.858  5.429  4.675  5.928  8.078 10.649 13.680 12.495 14.756 13.869 17.050 18.574 21.414 23.743 25.719 28.994 31.293 33.802 35.950
 15.610 16.953 15.303 17.629 17.830 20.515 22.500 24.200 27.666 27.398 26.267 23.391 21.926 20.679 18.387 17.545 14.129 12.260  8.721  8.416  9.941  9.222 10.142 13.308 14.114 13.935 16.327 18.449 18.855 20.067 22.384 23.803 24.395 25.682 26.586 24.608 23.767 20.110 21.284 22.765 19.723 17.390 14.634 14.264 12.536 13.821 15.922 13.488 13.244 10.202 10.271 11.465 10.037  6.277  5.148  5.487  3.858  0.000  3.836  5.452  7.800 10.867 13.850 16.475 14.562 16.229 14.666 17.271 18.637 20.946 23.283 24.786 28.181 30.349 32.787 34.926
 15.342 15.900 13.654 15.406 15.468 17.725 19.802 21.191 24.654 24.666 23.749 20.918 19.972 19.038 17.351 17.150 14.229 13.170  9.783 10.663 11.407 10.467 10.042 13.670 14.706 13.555 15.706 18.427 18.539 19.079 21.752 23.429 23.499 24.422 25.648 23.468 23.034 19.519 20.572 21.457 18.159 15.430 12.330 11.232  9.007 10.044 12.364 10.341 10.717  8.255  9.694 11.668 11.477  7.831  6.941  5.475  5.429  3.836  0.000  3.855  5.601  9.224 12.454 14.445 11.898 13.249 11.715 14.211 16.060 18.381 21.121 22.836 26.332 28.740 31.139 33.274
 13.474 14.407 12.812 15.051 16.035 18.428 21.073 22.639 25.881 25.674 24.362 21.160 20.236 18.690 17.121 16.418 13.706 12.220  8.621 10.495 12.044 12.303 12.437 16.152 16.390 15.021 17.759 20.217 19.679 20.473 23.473 24.661 24.425 25.717 27.352 25.545 25.500 22.164 23.623 24.335 20.847 18.301 14.863 13.610 10.697 11.249 14.319 13.111 13.967 11.674 13.356 14.922 14.514 10.797  8.733  6.207  4.675  5.452  3.855  0.000  3.841  6.411 10.024 12.539 10.583 12.936 12.503 15.598 17.925 20.681 23.575 25.676 29.112 31.654 34.063 36.180
 10.721 10.982  9.079 11.255 12.491 15.017 17.897 19.743 22.823 22.335 20.793 17.481 16.547 14.947 13.630 13.269 11.049 10.445  7.593 10.344 10.973 11.543 11.118 14.882 14.687 12.628 15.486 17.988 16.940 17.514 20.788 21.816 21.206 22.520 24.466 22.874 23.285 20.252 22.074 22.410 18.750 16.509 12.828 11.851  8.971 10.294 13.562 12.811 13.348 11.089 13.354 14.489 14.816 11.479  8.953  5.331  5.928  7.800  5.601  3.841  0.000  3.831  6.955  9.014  6.989  9.418  9.325 12.787 15.192 18.319 21.201 23.696 27.005 29.684 32.131 34.252
  8.636  9.068  8.234 10.839 13.143 15.691 19.026 21.067 23.772 22.968 20.984 17.380 16.466 14.202 13.181 12.348 10.806 10.166  7.970 11.509 12.465 13.983 13.923 17.492 16.583 14.362 17.551 19.678 17.958 18.713 22.200 22.673 21.693 23.354 25.701 24.570 25.405 22.677 24.860 24.999 21.274 19.351 15.596 14.686 11.675 12.683 16.231 16.076 16.789 14.673 16.990 17.783 18.032 14.797 11.769  8.087  8.078 10.867  9.224  6.411  3.831  0.000  3.838  6.588  6.020  9.533 10.803 14.520 17.134 20.557 23.425 26.252 29.404 32.167 34.597 36.675
  5.760  5.688  5.974  8.941 12.024 14.761 18.283 20.730 23.048 21.724 19.256 15.505 14.325 11.503 10.690  9.659  9.133  9.281  8.579 12.363 12.770 14.864 14.826 18.009 16.417 13.955 17.273 18.966 16.603 17.459 21.047 20.983 19.670 21.641 24.295 23.680 24.943 22.637 25.241 25.181 21.487 20.130 16.469 16.100 13.534 15.009 18.426 18.497 18.830 16.680 18.991 19.204 19.690 16.878 13.579  9.971 10.649 13.850 12.454 10.024  6.955  3.838  0.000  3.844  5.576  9.088 11.064 14.817 17.165 20.844 23.440 26.572 29.457 32.236 34.671 36.713
  7.646  5.409  4.849  6.357  9.846 12.026 15.732 18.097 20.060 18.676 16.146 12.377 11.791  9.230  9.689  9.862 10.516 11.859 11.722 15.355 15.001 16.674 15.863 18.882 17.396 14.320 17.146 19.043 16.355 16.483 20.253 20.245 18.306 19.921 22.947 22.404 24.180 22.294 24.884 24.268 20.570 19.366 15.799 15.335 13.006 14.490 17.705 18.371 18.771 17.186 19.943 20.236 21.383 18.849 15.899 12.233 13.680 16.475 14.445 12.539  9.014  6.588  3.844  0.000  3.843  6.652  9.553 12.963 15.458 19.152 21.790 25.175 27.884 30.788 33.135 35.116
 10.107  8.056  5.575  6.054  8.402 10.229 13.821 15.757 18.155 17.364 15.465 11.914 11.842 10.326 10.775 11.660 11.533 12.821 11.849 15.203 14.674 15.511 14.083 17.386 16.663 13.403 15.826 18.370 16.253 15.873 19.643 20.355 18.567 19.610 22.404 21.244 22.786 20.639 22.795 22.080 18.300 16.575 12.888 11.872  9.286 10.695 13.892 14.650 15.299 14.083 17.179 18.012 19.460 16.831 14.412 10.706 12.495 14.562 11.898 10.583  6.989  6.020  5.576  3.843  0.000  3.828  6.490  9.957 12.899 16.421 19.410 22.626 25.567 28.533 30.867 32.885
 12.622  9.858  6.528  4.698  5.641  6.611 10.170 11.966 14.391 13.768 12.234  8.988  9.629  9.354 10.567 12.604 12.869 14.900 14.259 17.183 15.899 16.047 13.799 16.761 16.448 12.808 14.399 17.272 15.297 14.053 17.787 18.921 16.845 17.234 20.072 18.676 20.484 18.657 20.602 19.387 15.670 14.035 10.611  9.633  7.877  9.742 12.210 13.298 13.690 13.127 16.489 17.366 19.504 17.364 15.555 12.220 14.756 16.229 13.249 12.936  9.418  9.533  9.088  6.652  3.828  0.000  3.819  6.583  9.638 13.074 16.120 19.454 22.293 25.343 27.619 29.617
 13.871 11.495  7.709  6.134  4.753  6.066  8.681 10.514 13.597 13.223 12.252  9.598  9.764 10.301 10.749 13.035 12.633 14.697 13.888 16.138 14.381 13.710 10.893 13.728 14.057 10.480 11.499 14.793 13.523 12.021 15.507 17.263 15.687 15.713 18.030 16.110 17.483 15.380 17.052 15.968 12.204 10.321  6.816  6.196  5.445  8.476 10.221 10.579 10.279  9.721 13.072 13.991 16.484 14.706 13.531 10.772 13.869 14.666 11.715 12.503  9.325 10.803 11.064  9.553  6.490  3.819  0.000  3.831  6.591 10.027 13.103 16.207 19.259 22.253 24.630 26.725
 17.426 14.805 11.039  8.612  5.821  4.942  6.082  7.098 10.514 10.804 10.855  9.298 10.307 12.088 13.043 15.887 15.726 18.049 17.358 19.241 17.122 15.829 12.453 14.672 15.609 12.097 11.899 15.421 14.604 12.206 15.266 17.583 15.885 14.989 17.092 14.723 16.234 14.535 15.621 13.855 10.330  8.360  5.780  5.036  6.205  8.934  9.261 10.005  9.458 10.117 13.490 14.599 17.684 16.462 16.035 13.812 17.050 17.271 14.211 15.598 12.787 14.520 14.817 12.963  9.957  6.583  3.831  0.000  3.822  6.673 10.081 13.188 16.205 19.311 21.591 23.665
 18.740 16.153 12.526 10.115  6.449  5.772  4.728  6.362  9.771  9.668 10.060  9.438  9.846 12.358 13.015 16.154 16.062 18.713 18.501 19.828 17.118 15.423 11.799 13.064 14.222 10.950  9.636 13.068 12.733  9.789 12.292 15.045 13.625 12.181 13.815 11.144 12.645 11.308 12.336 10.259  6.861  5.839  4.778  6.294  8.948 12.045 11.651 11.596  9.847 10.373 13.021 13.439 16.914 16.518 16.508 14.979 18.574 18.637 16.060 17.925 15.192 17.134 17.165 15.458 12.899  9.638  6.591  3.822  0.000  3.817  6.563  9.873 12.778 15.852 18.279 20.452
 22.471 19.934 16.316 13.846 10.154  8.759  6.295  6.095  9.303 10.148 11.724 12.163 12.939 15.841 16.544 19.727 19.536 22.104 21.771 22.757 19.962 17.761 13.979 14.668 16.462 13.674 11.520 14.834 15.200 11.976 13.567 16.796 15.650 13.444 14.369 11.159 12.291 11.379 11.291  8.520  6.102  5.165  6.401  7.633 11.008 13.604 12.131 12.025 10.056 11.552 13.799 14.438 18.172 18.258 18.934 17.875 21.414 20.946 18.381 20.681 18.319 20.557 20.844 19.152 16.421 13.074 10.027  6.673  3.817  0.000  3.820  6.653  9.703 12.866 15.220 17.427
 24.314 21.814 18.437 16.029 12.233 11.098  7.951  8.143 10.335 10.655 12.380 13.563 13.880 17.081 17.606 20.867 20.833 23.603 23.701 24.302 21.140 18.809 15.152 14.875 16.657 14.347 11.399 14.080 14.884 11.444 11.993 15.442 14.641 11.866 12.001  8.585  9.642  9.703  9.293  5.811  4.955  6.293  8.826 10.971 14.491 17.269 15.707 15.207 12.695 13.826 15.274 15.175 18.976 19.766 20.647 20.058 23.743 23.283 21.121 23.575 21.201 23.425 23.440 21.790 19.410 16.120 13.103 10.081  6.563  3.820  0.000  3.822  6.327  9.492 12.067 14.420
 27.409 25.146 21.757 19.583 15.797 14.784 11.663 11.293 13.224 13.984 15.995 17.330 17.542 20.664 20.892 23.970 23.610 26.145 26.074 26.252 23.091 20.326 16.742 15.981 18.311 16.617 13.312 15.742 17.279 14.123 13.886 17.558 17.356 14.478 13.715 10.095  9.991 10.183  8.371  4.925  6.223  7.488 10.923 12.955 16.703 19.259 17.157 16.253 13.502 14.944 15.733 15.685 19.447 20.719 22.205 22.144 25.719 24.786 22.836 25.676 23.696 26.252 26.572 25.175 22.626 19.454 16.207 13.188  9.873  6.653  3.822  0.000  3.831  6.707  9.408 11.920
 29.950 27.564 24.349 22.014 18.246 17.041 13.599 13.155 14.221 14.797 17.010 18.944 19.179 22.524 22.916 26.106 26.051 28.786 29.029 29.140 25.809 23.150 19.716 18.529 20.602 19.090 15.584 17.405 18.929 15.676 14.787 18.256 18.072 14.797 13.562 10.386 10.472 11.831 10.023  6.657  9.024 11.001 14.351 16.480 20.173 22.710 20.588 19.839 17.131 18.485 19.068 18.670 22.344 23.896 25.343 25.355 28.994 28.181 26.332 29.112 27.005 29.404 29.457 27.884 25.567 22.293 19.259 16.205 12.778  9.703  6.327  3.831  0.000  3.833  6.422  8.993
 32.457 30.207 27.097 24.905 21.174 20.130 16.700 16.298 17.152 17.631 19.804 21.840 21.881 25.173 25.379 28.449 28.319 30.985 31.315 31.140 27.748 24.975 21.738 20.124 22.273 21.202 17.544 18.920 20.784 17.778 16.308 19.670 19.887 16.632 14.799 11.952 11.418 13.134 10.892  8.337 11.401 13.565 17.067 19.317 23.042 25.586 23.367 22.389 19.540 20.780 20.899 20.263 23.760 25.685 27.356 27.695 31.293 30.349 28.740 31.654 29.684 32.167 32.236 30.788 28.533 25.343 22.253 19.311 15.852 12.866  9.492  6.707  3.833  0.000  3.847  6.789
 34.964 32.655 29.554 27.262 23.563 22.308 18.820 18.109 18.600 19.259 21.638 23.899 24.137 27.499 27.848 30.956 30.901 33.575 33.890 33.722 30.363 27.585 24.376 22.775 24.927 23.879 20.270 21.566 23.378 20.369 18.861 22.067 22.200 18.866 17.056 14.522 14.104 15.897 13.609 11.301 14.224 16.167 19.606 21.635 25.312 27.671 25.299 24.459 21.779 23.200 23.311 22.791 26.219 28.163 29.906 30.247 33.802 32.787 31.139 34.063 32.131 34.597 34.671 33.135 30.867 27.619 24.630 21.591 18.279 15.220 12.067  9.408  6.422  3.847  0.000  3.810
 36.992 34.647 31.595 29.251 25.606 24.247 20.766 19.917 20.123 20.822 23.272 25.679 26.013 29.397 29.834 32.950 32.977 35.671 36.022 35.854 32.507 29.763 26.606 24.986 27.077 26.064 22.501 23.674 25.427 22.451 20.880 23.914 24.008 20.664 18.852 16.619 16.281 18.176 15.965 13.812 16.645 18.507 21.865 23.783 27.401 29.655 27.228 26.485 23.912 25.401 25.501 25.005 28.363 30.326 32.080 32.421 35.950 34.926 33.274 36.180 34.252 36.675 36.713 35.116 32.885 29.617 26.725 23.665 20.452 17.427 14.420 11.920  8.993  6.789  3.810  0.000
