  0.000  3.831  6.642 10.284 13.246 16.657 19.682 22.827 25.010 22.939 19.996 16.391 14.047 10.563  8.405  5.572  5.434  5.823  7.557 10.685 10.710 13.812 14.630 16.985 14.391 12.546 16.138 16.649 13.821 15.628 18.802 17.756 16.705 19.519 22.039 22.163 23.722 21.913 25.075 25.277 21.761 21.440 18.142 18.825 17.139 19.473 22.479 21.963 21.394 18.685 20.181 19.310 19.437 17.315 13.662 11.013 11.903 15.535 15.313 13.432 10.720  8.609  5.734  7.589 10.105 12.609 13.862 17.405 18.785 22.537 24.504 27.598 30.404 33.065 36.059 38.312
  3.831  0.000  3.825  6.904 10.194 13.368 16.491 19.687 21.593 19.419 16.382 12.735 10.606  7.064  5.867  4.721  6.283  8.417  9.942 13.123 12.283 14.710 14.562 16.887 14.527 11.858 14.977 15.844 12.663 13.640 17.104 16.245 14.504 16.951 19.858 19.960 21.985 20.559 23.716 23.410 19.883 19.672 16.442 17.107 15.645 18.050 20.880 20.821 20.273 18.038 20.018 19.300 20.164 18.215 14.905 11.926 13.676 16.935 15.932 14.423 11.027  9.087  5.712  5.372  8.092  9.880 11.534 14.828 16.226 20.019 22.038 25.370 28.129 30.990 33.978 36.216
  6.642  3.825  0.000  3.821  6.774 10.070 13.227 16.255 18.469 16.629 13.999 10.345  8.590  6.014  5.470  6.266  6.846  9.324  9.944 13.002 11.656 13.167 12.152 14.740 13.077  9.812 12.570 14.233 11.445 11.638 15.364 15.340 13.552 15.349 18.174 17.649 19.607 18.016 20.895 20.311 16.663 16.148 12.829 13.371 12.078 14.694 17.298 17.294 16.718 14.771 17.093 16.722 18.100 16.164 13.305 10.154 12.638 15.309 13.703 12.840  9.123  8.241  5.988  4.786  5.613  6.543  7.754 11.059 12.596 16.396 18.640 21.933 24.846 27.762 30.716 33.009
 10.284  6.904  3.821  0.000  3.817  6.504  9.857 12.868 14.803 12.959 10.404  6.706  5.821  4.653  6.312  8.801 10.000 12.878 13.394 16.227 14.430 15.204 13.304 15.633 14.479 10.763 12.497 14.581 11.858 10.803 14.612 15.046 12.640 13.597 16.705 15.968 18.371 17.249 19.916 18.680 15.130 14.686 11.656 12.093 11.302 13.859 16.004 16.571 16.036 14.855 17.594 17.466 19.535 17.888 15.607 12.569 15.450 17.574 15.382 15.014 11.219 10.797  8.944  6.323  6.035  4.652  6.120  8.581 10.128 13.856 16.197 19.712 22.558 25.680 28.586 30.848
 13.246 10.194  6.774  3.817  0.000  3.829  6.500  9.657 12.059 10.391  8.509  5.598  5.065  6.310  7.767 10.868 11.567 14.573 14.908 17.144 14.780 14.623 11.950 13.877 13.422  9.582 10.221 12.834 10.774  8.726 12.387 13.682 11.472 11.552 14.314 12.960 15.290 14.249 16.628 15.077 11.583 11.249  8.643  9.598  9.942 12.926 14.245 14.668 13.632 12.878 15.616 15.510 18.161 17.010 15.464 12.964 16.360 17.780 15.429 15.981 12.437 13.087 12.029  9.809  8.369  5.553  4.707  5.724  6.436 10.143 12.397 15.927 18.782 21.933 24.837 27.132
 16.657 13.368 10.070  6.504  3.829  0.000  3.830  6.429  8.461  7.258  6.226  4.312  6.302  8.744 11.113 14.423 15.365 18.335 18.454 20.741 18.423 17.921 14.875 16.646 16.685 12.915 12.766 15.561 13.806 11.022 14.249 15.915 13.366 12.438 15.221 13.572 16.174 15.639 17.463 15.141 12.026 11.501  9.552  9.824 10.518 12.845 13.561 14.776 14.125 14.385 17.441 17.793 20.807 19.736 18.600 16.097 19.415 20.480 17.697 18.385 14.970 15.649 14.784 12.028 10.214  6.567  6.063  4.886  5.766  8.714 11.257 14.865 17.636 20.990 23.722 25.949
 19.682 16.491 13.227  9.857  6.500  3.830  0.000  3.838  6.114  4.936  5.502  6.021  7.752 11.097 13.202 16.735 17.600 20.708 20.966 22.778 20.050 19.002 15.631 16.674 17.151 13.683 12.428 15.174 14.046 10.602 13.055 15.298 12.984 11.050 13.287 11.207 13.831 13.861 15.254 12.433  9.934 10.041  9.416 10.381 12.256 14.684 14.447 15.447 14.227 14.935 17.634 17.798 21.198 20.743 20.183 18.238 21.799 22.450 19.784 21.046 17.857 18.985 18.280 15.715 13.835 10.178  8.712  6.111  4.667  6.239  8.063 11.751 14.222 17.640 20.341 22.533
 22.827 19.687 16.255 12.868  9.657  6.429  3.838  0.000  3.862  5.445  7.910  9.088 11.451 14.689 16.865 20.300 20.920 23.793 23.617 25.405 22.839 21.415 17.813 18.941 19.997 16.668 15.151 18.178 17.504 14.019 16.121 18.715 16.591 14.291 16.077 13.563 15.742 15.762 16.314 13.015 11.053 10.447 10.436 10.509 12.593 14.289 13.266 14.790 14.007 15.650 18.521 19.284 22.843 22.356 22.239 20.352 23.778 23.966 20.988 22.481 19.601 20.997 20.754 18.167 15.791 11.997 10.441  6.959  6.028  5.556  7.790 10.836 13.315 16.747 19.119 21.249
 25.010 21.593 18.469 14.803 12.059  8.461  6.114  3.862  0.000  3.840  7.322  9.630 12.603 16.015 18.725 22.325 23.463 26.551 26.635 28.616 26.024 24.845 21.333 22.330 23.101 19.716 18.187 20.861 19.875 16.252 18.145 20.405 17.864 15.253 17.245 15.249 17.862 18.538 19.132 15.651 14.202 14.073 14.205 14.227 15.994 17.329 16.389 18.301 17.753 19.447 22.319 22.963 26.525 26.060 25.769 23.715 27.102 27.513 24.480 25.701 22.653 23.634 23.015 20.023 18.047 14.264 13.488 10.351  9.645  9.065 10.394 13.214 14.964 18.336 20.450 22.305
 22.939 19.419 16.629 12.959 10.391  7.258  4.936  5.445  3.840  0.000  3.808  6.920  9.604 13.206 16.026 19.742 21.294 24.651 25.242 27.228 24.458 23.642 20.374 21.142 21.353 17.953 16.544 18.743 17.336 13.733 15.633 17.436 14.593 12.048 14.460 13.098 16.245 17.257 18.516 15.338 13.729 14.355 14.242 14.989 16.677 18.592 18.210 19.730 18.775 19.775 22.450 22.521 25.967 25.622 24.966 22.900 26.399 27.237 24.495 25.503 22.170 22.833 21.683 18.615 17.243 13.608 13.082 10.589  9.456  9.863 10.677 14.042 15.624 19.011 21.408 23.279
 19.996 16.382 13.999 10.404  8.509  6.226  5.502  7.910  7.322  3.808  0.000  3.829  6.366  9.854 12.929 16.643 18.616 22.118 23.085 25.240 22.523 22.238 19.342 20.214 19.782 16.284 15.451 17.267 15.206 11.943 14.262 15.372 12.109 10.249 13.382 12.757 16.243 17.143 19.113 16.446 14.362 15.214 14.427 15.444 16.649 18.871 19.193 20.504 19.488 19.818 22.445 22.165 25.329 24.828 23.667 21.414 24.845 26.168 23.651 24.259 20.691 20.897 19.245 16.099 15.374 12.099 12.159 10.698  9.915 11.544 12.492 16.172 17.900 21.248 23.860 25.785
 16.391 12.735 10.345  6.706  5.598  4.312  6.021  9.088  9.630  6.920  3.829  0.000  3.827  6.660  9.950 13.512 15.470 18.856 19.745 22.173 19.745 19.854 17.237 18.627 17.883 14.182 14.204 16.148 13.656 10.979 14.071 14.858 11.599 10.872 14.304 13.709 16.967 17.143 19.478 17.269 14.495 14.867 13.172 13.955 14.470 16.780 17.779 18.983 18.190 18.053 20.826 20.610 23.454 22.536 20.961 18.395 21.647 23.271 20.802 21.038 17.359 17.272 15.473 12.308 11.796  8.818  9.477  9.130  9.315 12.027 13.697 17.481 19.723 23.063 25.821 27.894
 14.047 10.606  8.590  5.821  5.065  6.302  7.752 11.451 12.603  9.604  6.366  3.827  0.000  3.846  6.594 10.318 12.448 16.061 17.480 19.636 16.974 17.368 15.151 16.214 14.912 11.391 11.716 13.083 10.199  7.991 11.250 11.511  8.299  8.522 12.059 11.984 15.160 15.222 18.092 16.529 13.669 14.575 12.798 14.366 14.984 17.861 19.077 19.591 18.282 17.404 19.691 18.859 21.437 20.750 18.952 16.676 20.011 21.890 19.949 20.202 16.517 16.428 14.340 11.735 11.793  9.526  9.725 10.209  9.788 12.891 14.069 17.813 19.977 23.118 26.041 28.148
 10.563  7.064  6.014  4.653  6.310  8.744 11.097 14.689 16.015 13.206  9.854  6.660  3.846  0.000  3.815  7.103  9.766 13.314 15.047 17.511 15.263 16.459 14.968 16.404 14.452 11.089 12.588 13.553 10.127  9.328 12.784 12.224  9.324 10.904 14.343 14.652 17.493 17.089 20.250 19.215 16.089 16.712 14.322 15.672 15.523 18.337 20.210 20.551 19.460 18.007 20.195 19.253 21.258 20.191 17.783 15.245 18.187 20.619 18.999 18.645 14.909 14.158 11.505  9.150 10.261  9.241 10.240 11.986 12.303 15.799 17.248 20.897 23.231 26.271 29.244 31.381
  8.405  5.867  5.470  6.312  7.767 11.113 13.202 16.865 18.725 16.026 12.929  9.950  6.594  3.815  0.000  3.815  6.343 10.070 12.305 14.373 11.987 13.560 12.717 13.965 11.464  8.555 10.783 11.186  7.622  8.236 11.551 10.602  8.696 11.234 14.074 14.492 16.740 15.873 19.283 18.965 15.809 16.563 14.110 15.904 15.780 18.924 20.897 20.579 19.129 17.011 18.636 17.218 18.758 17.831 15.215 13.093 15.975 18.564 17.576 17.301 13.826 13.296 10.773  9.669 10.903 10.688 10.973 13.221 13.247 16.800 18.011 21.392 23.743 26.522 29.556 31.727
  5.572  4.721  6.266  8.801 10.868 14.423 16.735 20.300 22.325 19.742 16.643 13.512 10.318  7.103  3.815  0.000  3.830  7.177 10.086 12.136 10.336 12.859 13.090 14.468 11.436  9.397 12.455 12.335  8.980 10.880 13.807 12.377 11.285 14.349 16.803 17.380 19.163 17.905 21.382 21.584 18.393 18.956 16.270 17.923 17.330 20.355 22.699 22.069 20.719 18.101 19.354 17.768 18.548 17.390 14.274 12.289 14.514 17.571 17.223 16.470 13.351 12.382  9.687  9.809 11.711 12.631 13.110 15.928 16.255 19.863 21.144 24.332 26.749 29.363 32.407 34.582
  5.434  6.283  6.846 10.000 11.567 15.365 17.600 20.920 23.463 21.294 18.616 15.470 12.448  9.766  6.343  3.830  0.000  3.820  6.663  8.370  6.629  9.459 10.321 12.008  9.089  7.626 11.286 11.421  8.955 11.359 14.154 13.324 13.097 15.976 17.869 17.876 18.969 17.008 20.269 20.912 17.628 17.801 14.981 16.604 15.909 18.998 21.350 20.197 18.756 15.719 16.579 14.977 15.264 13.933 10.666  9.029 11.141 14.134 14.269 13.739 11.111 10.826  9.145 10.445 11.557 12.849 12.635 15.690 16.087 19.606 21.000 23.836 26.440 28.851 31.865 34.103
  5.823  8.417  9.324 12.878 14.573 18.335 20.708 23.793 26.551 24.651 22.118 18.856 16.061 13.314 10.070  7.177  3.820  0.000  3.877  5.382  5.380  9.008 10.993 12.963 10.309  9.825 13.638 13.782 12.017 14.676 17.231 16.509 16.706 19.591 21.217 21.035 21.680 19.290 22.302 23.298 20.005 19.769 16.807 18.066 16.927 19.702 22.282 20.811 19.601 16.253 16.729 15.299 14.677 12.911  9.261  8.011  8.885 12.200 13.150 12.218 10.483 10.190  9.304 11.816 12.842 14.871 14.653 17.971 18.692 22.125 23.689 26.253 28.985 31.226 34.179 36.433
  7.557  9.942  9.944 13.394 14.908 18.454 20.966 23.617 26.635 25.242 23.085 19.745 17.480 15.047 12.305 10.086  6.663  3.877  0.000  3.837  5.537  8.352 10.245 13.013 11.366 10.740 14.447 15.409 14.190 16.341 19.082 19.030 19.176 21.624 23.200 22.426 22.826 20.010 22.568 23.482 20.038 19.093 15.878 16.500 14.886 17.282 19.999 18.383 17.590 14.245 14.850 14.173 13.284 10.707  6.886  5.167  5.103  8.645  9.716  8.582  7.566  7.938  8.539 11.626 11.799 14.154 13.750 17.196 18.403 21.712 23.682 26.016 29.014 31.226 34.088 36.404
 10.685 13.123 13.002 16.227 17.144 20.741 22.778 25.405 28.616 27.228 25.240 22.173 19.636 17.511 14.373 12.136  8.370  5.382  3.837  0.000  3.835  6.540  9.614 11.666 10.142 10.836 14.268 14.756 14.344 16.936 19.063 19.084 19.972 22.458 23.445 22.631 22.429 19.373 21.771 23.276 20.159 19.429 16.685 17.767 16.703 19.287 21.574 19.374 18.083 14.414 14.009 12.773 11.039  8.993  5.534  6.241  5.940  8.354 10.621 10.472 10.350 11.491 12.333 15.278 15.194 17.126 16.059 19.131 19.783 22.766 24.322 26.261 29.082 30.950 33.746 36.011
 10.710 12.283 11.656 14.430 14.780 18.423 20.050 22.839 26.024 24.458 22.523 19.745 16.974 15.263 11.987 10.336  6.629  5.380  5.537  3.835  0.000  3.842  6.795  8.338  6.372  7.254 10.620 10.937 10.704 13.356 15.292 15.447 16.541 18.927 19.713 18.920 18.689 15.741 18.351 19.899 16.894 16.644 14.217 15.979 15.634 18.747 20.636 18.418 16.539 12.868 12.380 10.440  9.469  8.342  5.367  6.293  8.066  9.914 11.407 12.065 11.031 12.499 12.807 14.976 14.725 15.891 14.357 17.049 17.102 20.001 21.192 23.171 25.823 27.691 30.549 32.800
 13.812 14.710 13.167 15.204 14.623 17.921 19.002 21.415 24.845 23.642 22.238 19.854 17.368 16.459 13.560 12.859  9.459  9.008  8.352  6.540  3.842  0.000  3.836  5.254  5.108  6.476  8.843  9.828 10.769 12.789 14.365 15.407 16.800 18.552 18.848 17.431 16.636 13.270 15.373 17.125 14.312 13.874 11.904 13.914 14.215 17.455 18.739 16.097 13.757 10.030  8.883  6.650  5.869  5.423  4.126  6.439  8.889  9.247 10.519 12.372 11.649 14.063 14.951 16.709 15.627 16.105 13.750 15.809 15.449 17.844 18.853 20.381 23.030 24.684 27.453 29.724
 14.630 14.562 12.152 13.304 11.950 14.875 15.631 17.813 21.333 20.374 19.342 17.237 15.151 14.968 12.717 13.090 10.321 10.993 10.245  9.614  6.795  3.836  0.000  3.844  5.372  4.937  6.364  8.714  9.813 10.700 12.537 14.354 15.340 16.423 16.787 14.823 14.172 10.734 12.641 13.864 10.794 10.098  8.130 10.441 11.362 14.861 15.721 13.202 10.541  7.065  6.631  4.778  6.363  6.074  5.880  6.852 10.255 10.164 10.086 12.482 11.186 13.965 14.885 15.874 14.176 13.840 10.925 12.422 11.814 14.054 15.179 16.765 19.588 21.449 24.261 26.621
 16.985 16.887 14.740 15.633 13.877 16.646 16.674 18.941 22.330 21.142 20.214 18.627 16.214 16.404 13.965 14.468 12.008 12.963 13.013 11.666  8.338  5.254  3.844  0.000  3.841  5.440  5.140  6.403  8.863 10.003 10.654 12.638 14.468 15.440 14.979 13.126 11.740  8.204 10.231 12.297 10.007 10.467  9.809 12.876 14.548 18.124 18.487 15.849 12.642  9.579  8.064  4.630  6.353  8.088  8.688 10.422 13.565 13.342 13.711 16.206 14.963 17.557 18.100 18.913 17.489 16.803 13.767 14.629 13.058 14.725 14.875 16.063 18.359 19.835 22.636 24.895
 14.391 14.527 13.077 14.479 13.422 16.685 17.151 19.997 23.101 21.353 19.782 17.883 14.912 14.452 11.464 11.436  9.089 10.309 11.366 10.142  6.372  5.108  5.372  3.841  0.000  3.861  5.355  4.903  6.327  8.780  9.672 10.525 12.431 14.266 14.202 13.277 12.585  9.768 12.689 14.560 12.128 13.058 11.853 14.869 16.017 19.674 20.603 18.336 15.469 12.259 11.342  8.181  8.925  9.949  9.082 10.299 13.332 14.143 14.769 16.477 14.819 16.701 16.564 17.479 16.822 16.545 14.151 15.620 14.265 16.558 16.746 18.512 20.677 22.360 25.264 27.454
 12.546 11.858  9.812 10.763  9.582 12.915 13.683 16.668 19.716 17.953 16.284 14.182 11.391 11.089  8.555  9.397  7.626  9.825 10.740 10.836  7.254  6.476  4.937  5.440  3.861  0.000  3.850  5.384  5.072  6.442  8.744  9.894 10.625 12.223 13.020 11.870 12.140  9.623 12.704 13.561 10.469 11.111  9.270 12.158 13.183 16.913 18.003 16.268 13.705 10.859 11.186  8.970 10.689 10.743  9.402  9.191 12.764 13.900 13.572 15.036 12.682 14.391 14.013 14.334 13.510 12.882 10.576 12.135 11.043 13.824 14.534 16.887 19.375 21.559 24.562 26.853
 16.138 14.977 12.570 12.497 10.221 12.766 12.428 15.151 18.187 16.544 15.451 14.204 11.716 12.588 10.783 12.455 11.286 13.638 14.447 14.268 10.620  8.843  6.364  5.140  5.355  3.850  0.000  3.839  5.400  5.071  6.298  8.779  9.906 10.465 10.454  8.641  8.444  5.847  9.044  9.913  7.209  8.813  8.287 11.868 13.931 17.712 18.023 16.254 13.166 10.967 11.018  8.595 11.248 12.231 11.983 12.206 15.894 16.377 15.783 17.813 15.545 17.568 17.296 17.105 15.886 14.417 11.567 11.907  9.686 11.661 11.557 13.643 15.853 17.931 20.956 23.249
 16.649 15.844 14.233 14.581 12.834 15.561 15.174 18.178 20.861 18.743 17.267 16.148 13.083 13.553 11.186 12.335 11.421 13.782 15.409 14.756 10.937  9.828  8.714  6.403  4.903  5.384  3.839  0.000  3.845  5.428  4.939  6.310  8.722 10.070  9.435  8.861  8.420  6.699 10.313 11.891 10.091 12.346 12.106 15.675 17.566 21.354 21.817 19.981 16.846 14.412 13.889 10.790 12.639 14.126 13.619 14.264 17.662 18.489 18.493 20.257 18.038 19.677 18.964 18.968 18.405 17.269 14.847 15.424 13.123 14.991 14.294 16.219 17.829 19.573 22.544 24.648
 13.821 12.663 11.445 11.858 10.774 13.806 14.046 17.504 19.875 17.336 15.206 13.656 10.199 10.127  7.622  8.980  8.955 12.017 14.190 14.344 10.704 10.769  9.813  8.863  6.327  5.072  5.400  3.845  0.000  3.857  5.326  5.025  6.172  8.560  9.332  9.591 10.601  9.591 13.319 14.078 11.739 13.709 12.673 15.875 17.212 20.940 21.901 20.568 17.900 15.494 15.756 13.132 14.874 15.520 14.116 13.844 17.218 18.759 18.489 19.595 16.878 17.846 16.500 16.202 16.212 15.252 13.547 14.614 12.832 15.398 15.228 17.844 19.645 21.818 24.858 26.967
 15.628 13.640 11.638 10.803  8.726 11.022 10.602 14.019 16.252 13.733 11.943 10.979  7.991  9.328  8.236 10.880 11.359 14.676 16.341 16.936 13.356 12.789 10.700 10.003  8.780  6.442  5.071  5.428  3.857  0.000  3.846  5.454  5.097  5.813  7.061  6.595  8.543  8.189 11.704 11.511  9.150 11.424 10.818 14.077 15.899 19.565 20.110 19.181 16.534 14.862 15.679 13.592 16.150 16.747 15.760 15.090 18.771 19.991 19.034 20.374 17.409 18.542 17.283 16.240 15.749 13.924 11.997 12.187  9.874 12.194 11.863 14.785 16.579 19.058 22.127 24.281
 18.802 17.104 15.364 14.612 12.387 14.249 13.055 16.121 18.145 15.633 14.262 14.071 11.250 12.784 11.551 13.807 14.154 17.231 19.082 19.063 15.292 14.365 12.537 10.654  9.672  8.744  6.298  4.939  5.326  3.846  0.000  3.845  5.591  5.612  4.554  4.733  5.961  6.694 10.259 10.668  9.530 12.670 13.078 16.667 18.950 22.647 22.789 21.580 18.537 16.926 17.057 14.462 16.965 18.340 17.849 17.854 21.480 22.417 21.801 23.458 20.751 22.081 20.901 20.014 19.538 17.661 15.496 15.240 12.340 13.771 12.372 14.669 15.726 17.737 20.722 22.724
 17.756 16.245 15.340 15.046 13.682 15.915 15.298 18.715 20.405 17.436 15.372 14.858 11.511 12.224 10.602 12.377 13.324 16.509 19.030 19.084 15.447 15.407 14.354 12.638 10.525  9.894  8.779  6.310  5.025  5.454  3.845  0.000  3.847  6.019  5.841  7.933  9.444 10.257 13.894 14.484 13.232 16.141 16.005 19.414 21.211 24.904 25.496 24.385 21.536 19.582 19.719 16.921 18.881 20.061 18.976 18.836 22.214 23.694 23.363 24.531 21.690 22.466 20.757 19.955 20.207 18.789 17.245 17.584 15.148 17.050 15.917 18.407 19.372 21.342 24.271 26.136
 16.705 14.504 13.552 12.640 11.472 13.366 12.984 16.591 17.864 14.593 12.109 11.599  8.299  9.324  8.696 11.285 13.097 16.706 19.176 19.972 16.541 16.800 15.340 14.468 12.431 10.625  9.906  8.722  6.172  5.097  5.591  3.847  0.000  3.826  6.123  8.232 11.003 12.030 15.545 15.230 13.555 16.156 15.635 18.652 20.196 23.705 24.462 23.902 21.453 19.843 20.696 18.431 20.681 21.294 19.877 18.999 22.440 24.183 23.346 24.176 20.954 21.334 19.275 17.862 18.294 16.637 15.637 15.922 13.813 16.017 15.323 18.363 19.536 21.952 24.914 26.816
 19.519 16.951 15.349 13.597 11.552 12.438 11.050 14.291 15.253 12.048 10.249 10.872  8.522 10.904 11.234 14.349 15.976 19.591 21.624 22.458 18.927 18.552 16.423 15.440 14.266 12.223 10.465 10.070  8.560  5.813  5.612  6.019  3.826  0.000  3.851  5.677  9.214 11.088 14.087 13.061 11.914 14.822 14.989 18.006 20.055 23.446 23.681 23.347 20.842 19.851 20.874 18.908 21.679 22.468 21.538 20.658 24.317 25.653 24.432 25.608 22.372 23.070 21.288 19.479 19.357 17.023 15.708 15.075 12.423 13.912 12.701 15.708 16.559 19.070 21.963 23.822
 22.039 19.858 18.174 16.705 14.314 15.221 13.287 16.077 17.245 14.460 13.382 14.304 12.059 14.343 14.074 16.803 17.869 21.217 23.200 23.445 19.713 18.848 16.787 14.979 14.202 13.020 10.454  9.435  9.332  7.061  4.554  5.841  6.123  3.851  0.000  3.824  6.533  9.252 12.000 11.513 11.364 14.851 15.808 19.207 21.715 25.223 25.068 24.313 21.386 20.374 20.783 18.456 21.219 22.635 22.219 21.970 25.663 26.623 25.695 27.297 24.364 25.479 24.014 22.554 22.176 19.841 17.971 17.059 13.879 14.647 12.569 14.838 15.094 17.097 19.906 21.664
 22.163 19.960 17.649 15.968 12.960 13.572 11.207 13.563 15.249 13.098 12.757 13.709 11.984 14.652 14.492 17.380 17.876 21.035 22.426 22.631 18.920 17.431 14.823 13.126 13.277 11.870  8.641  8.861  9.591  6.595  4.733  7.933  8.232  5.677  3.824  0.000  3.896  6.473  8.785  7.799  7.731 11.328 12.778 16.211 19.079 22.526 21.996 21.144 18.117 17.451 17.913 15.932 19.073 20.511 20.555 20.393 24.187 24.688 23.530 25.500 22.757 24.332 23.378 21.969 20.959 18.350 15.951 14.557 11.043 11.300  8.989 11.135 11.707 13.916 16.879 18.890
 23.722 21.985 19.607 18.371 15.290 16.174 13.831 15.742 17.862 16.245 16.243 16.967 15.160 17.493 16.740 19.163 18.969 21.680 22.826 22.429 18.689 16.636 14.172 11.740 12.585 12.140  8.444  8.420 10.601  8.543  5.961  9.444 11.003  9.214  6.533  3.896  0.000  3.889  5.668  6.080  7.136 10.898 12.995 16.643 19.781 23.269 22.448 21.029 17.623 16.821 16.518 14.232 17.268 19.304 19.949 20.476 24.169 24.207 23.409 25.799 23.501 25.520 24.996 24.060 22.788 20.378 17.501 16.129 12.520 12.253  9.560 10.523 10.798 12.302 15.224 17.257
 21.913 20.559 18.016 17.249 14.249 15.639 13.861 15.762 18.538 17.257 17.143 17.143 15.222 17.089 15.873 17.905 17.008 19.290 20.010 19.373 15.741 13.270 10.734  8.204  9.768  9.623  5.847  6.699  9.591  8.189  6.694 10.257 12.030 11.088  9.252  6.473  3.889  0.000  3.844  5.640  5.427  8.622 10.473 14.221 17.270 20.823 20.110 18.239 14.674 13.473 12.823 10.411 13.479 15.567 16.473 17.308 20.911 20.677 20.055 22.653 20.682 23.027 22.935 22.450 20.915 18.824 15.626 14.639 11.351 11.458  9.589 10.424 11.650 13.118 16.091 18.313
 25.075 23.716 20.895 19.916 16.628 17.463 15.254 16.314 19.132 18.516 19.113 19.478 18.092 20.250 19.283 21.382 20.269 22.302 22.568 21.771 18.351 15.373 12.641 10.231 12.689 12.704  9.044 10.313 13.319 11.704 10.259 13.894 15.545 14.087 12.000  8.785  5.668  3.844  0.000  3.843  5.637  8.311 11.225 14.625 18.058 21.304 19.951 17.926 14.253 13.744 12.781 10.946 14.166 16.530 18.174 19.269 22.751 21.915 21.176 24.175 22.551 25.259 25.579 25.091 23.126 20.828 17.349 15.790 12.420 11.408  9.069  8.458  9.304 10.162 12.991 15.312
 25.277 23.410 20.311 18.680 15.077 15.141 12.433 13.015 15.651 15.338 16.446 17.269 16.529 19.215 18.965 21.584 20.912 23.298 23.482 23.276 19.899 17.125 13.864 12.297 14.560 13.561  9.913 11.891 14.078 11.511 10.668 14.484 15.230 13.061 11.513  7.799  6.080  5.640  3.843  0.000  3.837  6.728 10.089 13.183 16.830 19.870 18.250 16.851 13.494 13.805 13.834 12.802 16.418 18.159 19.543 19.965 23.610 22.891 21.528 24.389 22.445 25.014 25.231 24.227 22.076 19.302 15.925 13.684 10.076  8.326  5.437  4.974  6.275  8.257 11.381 13.935
 21.761 19.883 16.663 15.130 11.583 12.026  9.934 11.053 14.202 13.729 14.362 14.495 13.669 16.089 15.809 18.393 17.628 20.005 20.038 20.159 16.894 14.312 10.794 10.007 12.128 10.469  7.209 10.091 11.739  9.150  9.530 13.232 13.555 11.914 11.364  7.731  7.136  5.427  5.637  3.837  0.000  3.823  6.496  9.873 13.347 16.607 15.448 14.092 10.814 10.777 11.428 10.615 14.357 15.488 16.458 16.476 20.185 19.699 18.141 20.811 18.709 21.217 21.461 20.500 18.296 15.632 12.198 10.274  6.811  6.187  4.983  6.485  9.109 11.564 14.618 17.149
 21.440 19.672 16.148 14.686 11.249 11.501 10.041 10.447 14.073 14.355 15.214 14.867 14.575 16.712 16.563 18.956 17.801 19.769 19.093 19.429 16.644 13.874 10.098 10.467 13.058 11.111  8.813 12.346 13.709 11.424 12.670 16.141 16.156 14.822 14.851 11.328 10.898  8.622  8.311  6.728  3.823  0.000  3.830  6.547 10.233 13.248 11.831 10.345  7.130  7.798  9.178  9.643 13.429 13.897 15.101 14.882 18.396 17.503 15.526 18.384 16.584 19.417 20.233 19.419 16.672 14.078 10.383  8.318  5.799  5.134  6.109  7.232 10.658 13.093 15.863 18.448
 18.142 16.442 12.829 11.656  8.643  9.552  9.416 10.436 14.205 14.242 14.427 13.172 12.798 14.322 14.110 16.270 14.981 16.807 15.878 16.685 14.217 11.904  8.130  9.809 11.853  9.270  8.287 12.106 12.673 10.818 13.078 16.005 15.635 14.989 15.808 12.778 12.995 10.473 11.225 10.089  6.496  3.830  0.000  3.816  6.948 10.411  9.957  8.588  5.930  5.730  8.278  9.130 12.546 12.052 12.543 11.643 15.169 14.643 12.363 14.893 12.860 15.628 16.537 15.849 12.999 10.697  6.907  5.809  4.807  6.460  8.788 10.756 14.214 16.797 19.556 22.069
 18.825 17.107 13.371 12.093  9.598  9.824 10.381 10.509 14.227 14.989 15.444 13.955 14.366 15.672 15.904 17.923 16.604 18.066 16.500 17.767 15.979 13.914 10.441 12.876 14.869 12.158 11.868 15.675 15.875 14.077 16.667 19.414 18.652 18.006 19.207 16.211 16.643 14.221 14.625 13.183  9.873  6.547  3.816  0.000  3.823  6.791  6.228  5.465  4.427  5.727  9.301 11.363 14.345 13.026 13.443 11.951 14.972 14.195 11.177 13.546 11.769 14.617 16.070 15.313 11.892  9.652  6.176  5.028  6.294  7.667 10.926 12.678 16.300 18.923 21.418 23.891
 17.139 15.645 12.078 11.302  9.942 10.518 12.256 12.593 15.994 16.677 16.649 14.470 14.984 15.523 15.780 17.330 15.909 16.927 14.886 16.703 15.634 14.215 11.362 14.548 16.017 13.183 13.931 17.566 17.212 15.899 18.950 21.211 20.196 20.055 21.715 19.079 19.781 17.270 18.058 16.830 13.347 10.233  6.948  3.823  0.000  3.848  5.508  5.499  6.493  6.944 10.734 13.052 15.316 13.096 12.810 10.533 12.979 12.506  8.986 10.658  8.899 11.619 13.513 12.999  9.305  7.891  5.393  6.175  8.947 11.011 14.464 16.432 20.039 22.696 25.155 27.580
 19.473 18.050 14.694 13.859 12.926 12.845 14.684 14.289 17.329 18.592 18.871 16.780 17.861 18.337 18.924 20.355 18.998 19.702 17.282 19.287 18.747 17.455 14.861 18.124 19.674 16.913 17.712 21.354 20.940 19.565 22.647 24.904 23.705 23.446 25.223 22.526 23.269 20.823 21.304 19.870 16.607 13.248 10.411  6.791  3.848  0.000  3.848  5.570  8.399  9.701 13.342 16.172 18.156 15.641 15.464 13.089 14.743 13.989 10.208 11.389 10.344 12.729 15.046 14.504 10.701  9.687  8.357  8.782 11.923 13.445 17.089 18.784 22.383 24.990 27.201 29.558
 22.479 20.880 17.298 16.004 14.245 13.561 14.447 13.266 16.389 18.210 19.193 17.779 19.077 20.210 20.897 22.699 21.350 22.282 19.999 21.574 20.636 18.739 15.721 18.487 20.603 18.003 18.023 21.817 21.901 20.110 22.789 25.496 24.462 23.681 25.068 21.996 22.448 20.110 19.951 18.250 15.448 11.831  9.957  6.228  5.508  3.848  0.000  3.825  6.885  9.575 13.015 16.092 18.499 16.561 17.157 15.393 17.356 16.042 12.477 14.420 13.573 16.249 18.435 17.694 13.887 12.142 10.079  9.062 11.435 11.862 15.369 16.479 20.009 22.447 24.431 26.756
 21.963 20.821 17.294 16.571 14.668 14.776 15.447 14.790 18.301 19.730 20.504 18.983 19.591 20.551 20.579 22.069 20.197 20.811 18.383 19.374 18.418 16.097 13.202 15.849 18.336 16.268 16.254 19.981 20.568 19.181 21.580 24.385 23.902 23.347 24.313 21.144 21.029 18.239 17.926 16.851 14.092 10.345  8.588  5.465  5.499  5.570  3.825  0.000  3.826  6.451  9.544 12.897 15.124 13.336 14.490 13.412 15.381 13.510 10.342 13.090 12.755 16.028 18.476 18.354 14.653 13.286 10.523  9.945 11.562 11.996 15.065 15.787 19.332 21.446 23.494 25.879
 21.394 20.273 16.718 16.036 13.632 14.125 14.227 14.007 17.753 18.775 19.488 18.190 18.282 19.460 19.129 20.719 18.756 19.601 17.590 18.083 16.539 13.757 10.541 12.642 15.469 13.705 13.166 16.846 17.900 16.534 18.537 21.536 21.453 20.842 21.386 18.117 17.623 14.674 14.253 13.494 10.814  7.130  5.930  4.427  6.493  8.399  6.885  3.826  0.000  3.827  6.614  9.667 12.405 11.373 12.966 12.545 15.111 13.254 10.712 13.943 13.299 16.740 18.808 18.739 15.308 13.674 10.232  9.386  9.802 10.049 12.545 13.088 16.595 18.577 20.807 23.266
 18.685 18.038 14.771 14.855 12.878 14.385 14.935 15.650 19.447 19.775 19.818 18.053 17.404 18.007 17.011 18.101 15.719 16.253 14.245 14.414 12.868 10.030  7.065  9.579 12.259 10.859 10.967 14.412 15.494 14.862 16.926 19.582 19.843 19.851 20.374 17.451 16.821 13.473 13.744 13.805 10.777  7.798  5.730  5.727  6.944  9.701  9.575  6.451  3.827  0.000  3.838  6.644  9.067  7.764  9.240  9.208 11.928 10.204  8.261 11.676 11.095 14.677 16.714 17.208 14.163 13.179  9.745 10.107 10.401 11.622 13.773 14.700 18.079 19.996 22.453 24.908
 20.181 20.018 17.093 17.594 15.616 17.441 17.634 18.521 22.319 22.450 22.445 20.826 19.691 20.195 18.636 19.354 16.579 16.729 14.850 14.009 12.380  8.883  6.631  8.064 11.342 11.186 11.018 13.889 15.756 15.679 17.057 19.719 20.696 20.874 20.783 17.913 16.518 12.823 12.781 13.834 11.428  9.178  8.278  9.301 10.734 13.342 13.015  9.544  6.614  3.838  0.000  3.838  5.921  5.813  8.624 10.128 12.513 10.288  9.711 13.370 13.375 16.999 19.019 19.952 17.257 16.533 13.094 13.474 13.042 13.885 15.209 15.533 18.533 19.898 22.263 24.637
 19.310 19.300 16.722 17.466 15.510 17.793 17.798 19.284 22.963 22.521 22.165 20.610 18.859 19.253 17.218 17.768 14.977 15.299 14.173 12.773 10.440  6.650  4.778  4.630  8.181  8.970  8.595 10.790 13.132 13.592 14.462 16.921 18.431 18.908 18.456 15.932 14.232 10.411 10.946 12.802 10.615  9.643  9.130 11.363 13.052 16.172 16.092 12.897  9.667  6.644  3.838  0.000  3.852  5.672  8.113 10.285 12.985 11.486 11.698 14.952 14.538 17.811 19.250 20.249 18.105 17.418 14.037 14.594 13.476 14.552 15.164 15.650 18.267 19.503 22.041 24.351
 19.437 20.164 18.100 19.535 18.161 20.807 21.198 22.843 26.525 25.967 25.329 23.454 21.437 21.258 18.758 18.548 15.264 14.677 13.284 11.039  9.469  5.869  6.363  6.353  8.925 10.689 11.248 12.639 14.874 16.150 16.965 18.881 20.681 21.679 21.219 19.073 17.268 13.479 14.166 16.418 14.357 13.429 12.546 14.345 15.316 18.156 18.499 15.124 12.405  9.067  5.921  3.852  0.000  3.810  6.763 10.047 11.798 10.062 11.505 14.547 14.872 18.064 19.732 21.392 19.550 19.552 16.518 17.672 16.951 18.283 18.974 19.419 21.925 22.941 25.367 27.575
 17.315 18.215 16.164 17.888 17.010 19.736 20.743 22.356 26.060 25.622 24.828 22.536 20.750 20.191 17.831 17.390 13.933 12.911 10.707  8.993  8.342  5.423  6.074  8.088  9.949 10.743 12.231 14.126 15.520 16.747 18.340 20.061 21.294 22.468 22.635 20.511 19.304 15.567 16.530 18.159 15.488 13.897 12.052 13.026 13.096 15.641 16.561 13.336 11.373  7.764  5.813  5.672  3.810  0.000  3.836  6.967  8.304  6.306  7.853 10.827 11.525 14.823 16.908 18.849 16.904 17.391 14.704 16.420 16.527 18.327 19.740 20.606 23.501 24.903 27.391 29.687
 13.662 14.905 13.305 15.607 15.464 18.600 20.183 22.239 25.769 24.966 23.667 20.961 18.952 17.783 15.215 14.274 10.666  9.261  6.886  5.534  5.367  4.126  5.880  8.688  9.082  9.402 11.983 13.619 14.116 15.760 17.849 18.976 19.877 21.538 22.219 20.555 19.949 16.473 18.174 19.543 16.458 15.101 12.543 13.443 12.810 15.464 17.157 14.490 12.966  9.240  8.624  8.113  6.763  3.836  0.000  3.827  5.269  5.154  6.923  8.739  8.963 11.759 13.566 15.841 14.418 15.504 13.444 15.912 16.444 18.925 20.598 22.095 25.079 26.834 29.504 31.826
 11.013 11.926 10.154 12.569 12.964 16.097 18.238 20.352 23.715 22.900 21.414 18.395 16.676 15.245 13.093 12.289  9.029  8.011  5.167  6.241  6.293  6.439  6.852 10.422 10.299  9.191 12.206 14.264 13.844 15.090 17.854 18.836 18.999 20.658 21.970 20.393 20.476 17.308 19.269 19.965 16.476 14.882 11.643 11.951 10.533 13.089 15.393 13.412 12.545  9.208 10.128 10.285 10.047  6.967  3.827  0.000  3.856  5.489  5.458  6.212  5.340  8.080  9.968 12.183 10.706 12.162 10.670 13.685 14.919 17.854 20.036 22.032 25.222 27.381 30.134 32.510
 11.903 13.676 12.638 15.450 16.360 19.415 21.799 23.778 27.102 26.399 24.845 21.647 20.011 18.187 15.975 14.514 11.141  8.885  5.103  5.940  8.066  8.889 10.255 13.565 13.332 12.764 15.894 17.662 17.218 18.771 21.480 22.214 22.440 24.317 25.663 24.187 24.169 20.911 22.751 23.610 20.185 18.396 15.169 14.972 12.979 14.743 17.356 15.381 15.111 11.928 12.513 12.985 11.798  8.304  5.269  3.856  0.000  3.858  5.424  4.683  5.922  8.046 10.592 13.608 12.479 14.701 13.774 16.948 18.533 21.413 23.728 25.592 28.821 30.880 33.551 35.906
 15.535 16.935 15.309 17.574 17.780 20.480 22.450 23.966 27.513 27.237 26.168 23.271 21.890 20.619 18.564 17.571 14.134 12.200  8.645  8.354  9.914  9.247 10.164 13.342 14.143 13.900 16.377 18.489 18.759 19.991 22.417 23.694 24.183 25.653 26.623 24.688 24.207 20.677 21.915 22.891 19.699 17.503 14.643 14.195 12.506 13.989 16.042 13.510 13.254 10.204 10.288 11.486 10.062  6.306  5.154  5.489  3.858  0.000  3.835  5.447  7.802 10.850 13.822 16.445 14.592 16.230 14.624 17.222 18.646 20.998 23.277 24.629 27.881 29.680 32.173 34.517
 15.313 15.932 13.703 15.382 15.429 17.697 19.784 20.988 24.480 24.495 23.651 20.802 19.949 18.999 17.576 17.223 14.269 13.150  9.716 10.621 11.407 10.519 10.086 13.711 14.769 13.572 15.783 18.493 18.489 19.034 21.801 23.363 23.346 24.432 25.695 23.530 23.409 20.055 21.176 21.528 18.141 15.526 12.363 11.177  8.986 10.208 12.477 10.342 10.712  8.261  9.711 11.698 11.505  7.853  6.923  5.458  5.424  3.835  0.000  3.853  5.608  9.229 12.464 14.461 11.957 13.279 11.689 14.180 16.081 18.427 21.115 22.632 26.062 28.123 30.606 32.998
 13.432 14.423 12.840 15.014 15.981 18.385 21.046 22.481 25.701 25.503 24.259 21.038 20.202 18.645 17.301 16.470 13.739 12.218  8.582 10.472 12.065 12.372 12.482 16.206 16.477 15.036 17.813 20.257 19.595 20.374 23.458 24.531 24.176 25.608 27.297 25.500 25.799 22.653 24.175 24.389 20.811 18.384 14.893 13.546 10.658 11.389 14.420 13.090 13.943 11.676 13.370 14.952 14.547 10.827  8.739  6.212  4.683  5.447  3.853  0.000  3.839  6.412 10.018 12.546 10.616 12.942 12.451 15.551 17.934 20.705 23.585 25.495 28.952 31.220 33.785 36.172
 10.720 11.027  9.123 11.219 12.437 14.970 17.857 19.601 22.653 22.170 20.691 17.359 16.517 14.909 13.826 13.351 11.111 10.483  7.566 10.350 11.031 11.649 11.186 14.963 14.819 12.682 15.545 18.038 16.878 17.409 20.751 21.690 20.954 22.372 24.364 22.757 23.501 20.682 22.551 22.445 18.709 16.584 12.860 11.769  8.899 10.344 13.573 12.755 13.299 11.095 13.375 14.538 14.872 11.525  8.963  5.340  5.922  7.802  5.608  3.839  0.000  3.832  6.971  9.019  7.011  9.403  9.259 12.722 15.194 18.330 21.237 23.573 26.994 29.517 32.214 34.611
  8.609  9.087  8.241 10.797 13.087 15.649 18.985 20.997 23.634 22.833 20.897 17.272 16.428 14.158 13.296 12.382 10.826 10.190  7.938 11.491 12.499 14.063 13.965 17.557 16.701 14.391 17.568 19.677 17.846 18.542 22.081 22.466 21.334 23.070 25.479 24.332 25.520 23.027 25.259 25.014 21.217 19.417 15.628 14.617 11.619 12.729 16.249 16.028 16.740 14.677 16.999 17.811 18.064 14.823 11.759  8.080  8.046 10.850  9.229  6.412  3.832  0.000  3.840  6.594  6.017  9.509 10.737 14.462 17.133 20.559 23.488 26.176 29.529 32.224 34.989 37.358
  5.734  5.712  5.988  8.944 12.029 14.784 18.280 20.754 23.015 21.683 19.245 15.473 14.340 11.505 10.773  9.687  9.145  9.304  8.539 12.333 12.807 14.951 14.885 18.100 16.564 14.013 17.296 18.964 16.500 17.283 20.901 20.757 19.275 21.288 24.014 23.378 24.996 22.935 25.579 25.231 21.461 20.233 16.537 16.070 13.513 15.046 18.435 18.476 18.808 16.714 19.019 19.250 19.732 16.908 13.566  9.968 10.592 13.822 12.464 10.018  6.971  3.840  0.000  3.844  5.587  9.092 11.050 14.806 17.209 20.890 23.586 26.626 29.791 32.626 35.498 37.824
  7.589  5.372  4.786  6.323  9.809 12.028 15.715 18.167 20.023 18.615 16.099 12.308 11.735  9.150  9.669  9.809 10.445 11.816 11.626 15.278 14.976 16.709 15.874 18.913 17.479 14.334 17.105 18.968 16.202 16.240 20.014 19.955 17.862 19.479 22.554 21.969 24.060 22.450 25.091 24.227 20.500 19.419 15.849 15.313 12.999 14.504 17.694 18.354 18.739 17.208 19.952 20.249 21.392 18.849 15.841 12.183 13.608 16.445 14.461 12.546  9.019  6.594  3.844  0.000  3.844  6.648  9.532 12.951 15.475 19.163 21.920 25.216 28.296 31.336 34.191 36.477
 10.105  8.092  5.613  6.035  8.369 10.214 13.835 15.791 18.047 17.243 15.374 11.796 11.793 10.261 10.903 11.711 11.557 12.842 11.799 15.194 14.725 15.627 14.176 17.489 16.822 13.510 15.886 18.405 16.212 15.749 19.538 20.207 18.294 19.357 22.176 20.959 22.788 20.915 23.126 22.076 18.296 16.672 12.999 11.892  9.305 10.701 13.887 14.653 15.308 14.163 17.257 18.105 19.550 16.904 14.418 10.706 12.479 14.592 11.957 10.616  7.011  6.017  5.587  3.844  0.000  3.831  6.490  9.966 12.953 16.460 19.548 22.629 25.899 28.917 31.680 34.013
 12.609  9.880  6.543  4.652  5.553  6.567 10.178 11.997 14.264 13.608 12.099  8.818  9.526  9.241 10.688 12.631 12.849 14.871 14.154 17.126 15.891 16.105 13.840 16.803 16.545 12.882 14.417 17.269 15.252 13.924 17.661 18.789 16.637 17.023 19.841 18.350 20.378 18.824 20.828 19.302 15.632 14.078 10.697  9.652  7.891  9.687 12.142 13.286 13.674 13.179 16.533 17.418 19.552 17.391 15.504 12.162 14.701 16.230 13.279 12.942  9.403  9.509  9.092  6.648  3.831  0.000  3.816  6.590  9.668 13.084 16.236 19.434 22.648 25.792 28.521 30.837
 13.862 11.534  7.754  6.120  4.707  6.063  8.712 10.441 13.488 13.082 12.159  9.477  9.725 10.240 10.973 13.110 12.635 14.653 13.750 16.059 14.357 13.750 10.925 13.767 14.151 10.576 11.567 14.847 13.547 11.997 15.496 17.245 15.637 15.708 17.971 15.951 17.501 15.626 17.349 15.925 12.198 10.383  6.907  6.176  5.393  8.357 10.079 10.523 10.232  9.745 13.094 14.037 16.518 14.704 13.444 10.670 13.774 14.624 11.689 12.451  9.259 10.737 11.050  9.532  6.490  3.816  0.000  3.831  6.655 10.076 13.226 16.185 19.524 22.539 25.288 27.677
 17.405 14.828 11.059  8.581  5.724  4.886  6.111  6.959 10.351 10.589 10.698  9.130 10.209 11.986 13.221 15.928 15.690 17.971 17.196 19.131 17.049 15.809 12.422 14.629 15.620 12.135 11.907 15.424 14.614 12.187 15.240 17.584 15.922 15.075 17.059 14.557 16.129 14.639 15.790 13.684 10.274  8.318  5.809  5.028  6.175  8.782  9.062  9.945  9.386 10.107 13.474 14.594 17.672 16.420 15.912 13.685 16.948 17.222 14.180 15.551 12.722 14.462 14.806 12.951  9.966  6.590  3.831  0.000  3.828  6.667 10.139 13.078 16.424 19.565 22.217 24.599
 18.785 16.226 12.596 10.128  6.436  5.766  4.667  6.028  9.645  9.456  9.915  9.315  9.788 12.303 13.247 16.255 16.087 18.692 18.403 19.783 17.102 15.449 11.814 13.058 14.265 11.043  9.686 13.123 12.832  9.874 12.340 15.148 13.813 12.423 13.879 11.043 12.520 11.351 12.420 10.076  6.811  5.799  4.807  6.294  8.947 11.923 11.435 11.562  9.802 10.401 13.042 13.476 16.951 16.527 16.444 14.919 18.533 18.646 16.081 17.934 15.194 17.133 17.209 15.475 12.953  9.668  6.655  3.828  0.000  3.818  6.629  9.856 13.058 16.231 19.037 21.456
 22.537 20.019 16.396 13.856 10.143  8.714  6.239  5.556  9.065  9.863 11.544 12.027 12.891 15.799 16.800 19.863 19.606 22.125 21.712 22.766 20.001 17.844 14.054 14.725 16.558 13.824 11.661 14.991 15.398 12.194 13.771 17.050 16.017 13.912 14.647 11.300 12.253 11.458 11.408  8.326  6.187  5.134  6.460  7.667 11.011 13.445 11.862 11.996 10.049 11.622 13.885 14.552 18.283 18.327 18.925 17.854 21.413 20.998 18.427 20.705 18.330 20.559 20.890 19.163 16.460 13.084 10.076  6.667  3.818  0.000  3.824  6.560  9.879 13.117 15.768 18.223
 24.504 22.038 18.640 16.197 12.397 11.257  8.063  7.790 10.394 10.677 12.492 13.697 14.069 17.248 18.011 21.144 21.000 23.689 23.682 24.322 21.192 18.853 15.179 14.875 16.746 14.534 11.557 14.294 15.228 11.863 12.372 15.917 15.323 12.701 12.569  8.989  9.560  9.589  9.069  5.437  4.983  6.109  8.788 10.926 14.464 17.089 15.369 15.065 12.545 13.773 15.209 15.164 18.974 19.740 20.598 20.036 23.728 23.277 21.115 23.585 21.237 23.488 23.586 21.920 19.548 16.236 13.226 10.139  6.629  3.824  0.000  3.829  6.583  9.935 12.806 15.295
 27.598 25.370 21.933 19.712 15.927 14.865 11.751 10.836 13.214 14.042 16.172 17.481 17.813 20.897 21.392 24.332 23.836 26.253 26.016 26.261 23.171 20.381 16.765 16.063 18.512 16.887 13.643 16.219 17.844 14.785 14.669 18.407 18.363 15.708 14.838 11.135 10.523 10.424  8.458  4.974  6.485  7.232 10.756 12.678 16.432 18.784 16.479 15.787 13.088 14.700 15.533 15.650 19.419 20.606 22.095 22.032 25.592 24.629 22.632 25.495 23.573 26.176 26.626 25.216 22.629 19.434 16.185 13.078  9.856  6.560  3.829  0.000  3.825  6.795  9.573 12.266
 30.404 28.129 24.846 22.558 18.782 17.636 14.222 13.315 14.964 15.624 17.900 19.723 19.977 23.231 23.743 26.749 26.440 28.985 29.014 29.082 25.823 23.030 19.588 18.359 20.677 19.375 15.853 17.829 19.645 16.579 15.726 19.372 19.536 16.559 15.094 11.707 10.798 11.650  9.304  6.275  9.109 10.658 14.214 16.300 20.039 22.383 20.009 19.332 16.595 18.079 18.533 18.267 21.925 23.501 25.079 25.222 28.821 27.881 26.062 28.952 26.994 29.529 29.791 28.296 25.899 22.648 19.524 16.424 13.058  9.879  6.583  3.825  0.000  3.832  6.749  9.370
 33.065 30.990 27.762 25.680 21.933 20.990 17.640 16.747 18.336 19.011 21.248 23.063 23.118 26.271 26.522 29.363 28.851 31.226 31.226 30.950 27.691 24.684 21.449 19.835 22.360 21.559 17.931 19.573 21.818 19.058 17.737 21.342 21.952 19.070 17.097 13.916 12.302 13.118 10.162  8.257 11.564 13.093 16.797 18.923 22.696 24.990 22.447 21.446 18.577 19.996 19.898 19.503 22.941 24.903 26.834 27.381 30.880 29.680 28.123 31.220 29.517 32.224 32.626 31.336 28.917 25.792 22.539 19.565 16.231 13.117  9.935  6.795  3.832  0.000  3.843  6.726
 36.059 33.978 30.716 28.586 24.837 23.722 20.341 19.119 20.450 21.408 23.860 25.821 26.041 29.244 29.556 32.407 31.865 34.179 34.088 33.746 30.549 27.453 24.261 22.636 25.264 24.562 20.956 22.544 24.858 22.127 20.722 24.271 24.914 21.963 19.906 16.879 15.224 16.091 12.991 11.381 14.618 15.863 19.556 21.418 25.155 27.201 24.431 23.494 20.807 22.453 22.263 22.041 25.367 27.391 29.504 30.134 33.551 32.173 30.606 33.785 32.214 34.989 35.498 34.191 31.680 28.521 25.288 22.217 19.037 15.768 12.806  9.573  6.749  3.843  0.000  3.812
 38.312 36.216 33.009 30.848 27.132 25.949 22.533 21.249 22.305 23.279 25.785 27.894 28.148 31.381 31.727 34.582 34.103 36.433 36.404 36.011 32.800 29.724 26.621 24.895 27.454 26.853 23.249 24.648 26.967 24.281 22.724 26.136 26.816 23.822 21.664 18.890 17.257 18.313 15.312 13.935 17.149 18.448 22.069 23.891 27.580 29.558 26.756 25.879 23.266 24.908 24.637 24.351 27.575 29.687 31.826 32.510 35.906 34.517 32.998 36.172 34.611 37.358 37.824 36.477 34.013 30.837 27.677 24.599 21.456 18.223 15.295 12.266  9.370  6.726  3.812  0.000
