  0.000  3.829  6.617 10.222 13.176 16.575 19.603 22.737 24.934 22.848 19.897 16.289 13.938 10.446  8.298  5.512  5.423  5.849  7.561 10.693 10.688 13.770 14.596 16.937 14.321 12.519 16.125 16.626 13.871 15.758 18.900 17.901 16.919 19.701 22.155 22.318 23.874 22.046 25.127 25.296 21.779 21.430 18.129 18.802 17.075 19.355 22.400 21.842 21.365 18.615 20.127 19.264 19.414 17.286 13.639 10.984 11.907 15.528 15.286 13.436 10.692  8.599  5.734  7.595 10.054 12.542 13.826 17.376 18.726 22.482 24.437 27.563 30.500 32.941 35.943 38.508
  3.829  0.000  3.826  6.829 10.124 13.273 16.411 19.581 21.508 19.332 16.297 12.641 10.531  6.993  5.851  4.779  6.357  8.478  9.954 13.144 12.292 14.689 14.545 16.874 14.500 11.861 15.007 15.873 12.749 13.819 17.268 16.438 14.761 17.187 20.037 20.173 22.190 20.736 23.798 23.449 19.914 19.653 16.413 17.058 15.549 17.919 20.797 20.694 20.237 17.950 19.954 19.266 20.150 18.185 14.886 11.891 13.660 16.903 15.871 14.388 10.969  9.054  5.681  5.352  8.002  9.775 11.470 14.775 16.160 19.953 21.963 25.322 28.188 30.834 33.871 36.412
  6.617  3.826  0.000  3.819  6.726 10.021 13.174 16.184 18.434 16.594 13.973 10.324  8.565  6.016  5.381  6.296  6.869  9.324  9.915 12.959 11.592 13.070 12.066 14.657 12.971  9.733 12.528 14.181 11.442 11.748 15.452 15.441 13.710 15.494 18.260 17.781 19.723 18.105 20.885 20.294 16.642 16.085 12.762 13.309 11.987 14.601 17.242 17.169 16.660 14.640 16.970 16.620 18.011 16.068 13.225 10.076 12.583 15.232 13.614 12.796  9.073  8.261  6.031  4.898  5.592  6.498  7.699 11.020 12.523 16.322 18.550 21.864 24.871 27.597 30.585 33.171
 10.222  6.829  3.819  0.000  3.817  6.481  9.839 12.829 14.791 12.940 10.386  6.689  5.815  4.657  6.246  8.808 10.037 12.899 13.410 16.238 14.430 15.188 13.309 15.639 14.444 10.745 12.527 14.580 11.850 10.927 14.737 15.123 12.740 13.724 16.809 16.144 18.544 17.404 19.977 18.730 15.173 14.689 11.658 12.112 11.300 13.886 16.076 16.571 16.088 14.818 17.564 17.459 19.536 17.883 15.612 12.574 15.459 17.574 15.374 15.033 11.239 10.853  8.967  6.379  6.050  4.648  6.129  8.600 10.116 13.836 16.147 19.684 22.581 25.529 28.516 31.053
 13.176 10.124  6.726  3.817  0.000  3.825  6.492  9.641 12.064 10.385  8.497  5.598  5.064  6.316  7.666 10.867 11.588 14.581 14.921 17.148 14.774 14.602 11.947 13.879 13.378  9.538 10.229 12.807 10.706  8.774 12.461 13.683 11.452 11.565 14.336 13.076 15.418 14.371 16.666 15.114 11.613 11.250  8.646  9.638  9.969 13.006 14.376 14.712 13.707 12.842 15.582 15.499 18.157 17.004 15.467 12.970 16.369 17.779 15.424 16.003 12.465 13.148 12.051  9.858  8.381  5.570  4.723  5.769  6.431 10.132 12.347 15.896 18.799 21.777 24.760 27.323
 16.575 13.273 10.021  6.481  3.825  0.000  3.828  6.411  8.476  7.261  6.225  4.322  6.313  8.748 11.029 14.408 15.379 18.340 18.467 20.749 18.421 17.912 14.885 16.667 16.652 12.872 12.777 15.535 13.713 11.023 14.304 15.867 13.264 12.375 15.209 13.659 16.282 15.744 17.488 15.174 12.043 11.490  9.543  9.867 10.566 12.991 13.765 14.881 14.234 14.373 17.428 17.804 20.820 19.746 18.616 16.112 19.430 20.490 17.705 18.414 15.003 15.708 14.791 12.046 10.223  6.579  6.067  4.923  5.763  8.697 11.188 14.817 17.566 20.806 23.665 26.131
 19.603 16.411 13.174  9.839  6.492  3.828  0.000  3.838  6.122  4.940  5.497  6.031  7.772 11.111 13.132 16.730 17.615 20.715 20.981 22.790 20.054 18.999 15.643 16.704 17.130 13.643 12.440 15.148 13.929 10.541 13.076 15.197 12.788 10.877 13.214 11.248 13.917 13.953 15.288 12.468  9.945 10.031  9.406 10.430 12.306 14.845 14.684 15.579 14.347 14.923 17.620 17.812 21.215 20.756 20.200 18.254 21.814 22.458 19.790 21.070 17.887 19.041 18.288 15.737 13.835 10.182  8.704  6.136  4.674  6.230  7.983 11.681 14.117 17.409 20.270 22.686
 22.737 19.581 16.184 12.829  9.641  6.411  3.838  0.000  3.863  5.444  7.896  9.080 11.459 14.687 16.780 20.288 20.939 23.805 23.638 25.432 22.861 21.440 17.852 19.008 20.006 16.643 15.178 18.174 17.400 13.948 16.135 18.609 16.375 14.073 15.967 13.550 15.793 15.833 16.326 13.058 11.065 10.443 10.427 10.557 12.652 14.482 13.548 14.976 14.162 15.675 18.549 19.341 22.897 22.401 22.280 20.381 23.802 23.991 21.007 22.508 19.629 21.041 20.741 18.149 15.766 11.977 10.419  6.955  6.039  5.562  7.735 10.800 13.156 16.592 19.122 21.438
 24.934 21.508 18.434 14.791 12.064  8.476  6.122  3.863  0.000  3.840  7.328  9.649 12.626 16.033 18.672 22.314 23.481 26.566 26.665 28.642 26.039 24.856 21.360 22.371 23.085 19.679 18.195 20.828 19.741 16.161 18.132 20.253 17.607 15.014 17.122 15.225 17.892 18.586 19.130 15.654 14.183 14.047 14.192 14.284 16.079 17.570 16.709 18.510 17.910 19.471 22.334 22.998 26.561 26.098 25.808 23.752 27.140 27.549 24.518 25.754 22.709 23.712 23.034 20.043 18.074 14.290 13.496 10.372  9.654  9.045 10.283 13.097 14.661 18.036 20.397 22.413
 22.848 19.332 16.594 12.940 10.385  7.261  4.940  5.444  3.840  0.000  3.807  6.928  9.620 13.219 15.986 19.718 21.292 24.645 25.249 27.230 24.449 23.629 20.380 21.161 21.316 17.905 16.552 18.705 17.191 13.656 15.645 17.289 14.345 11.866 14.405 13.162 16.346 17.355 18.576 15.374 13.736 14.344 14.233 15.041 16.739 18.790 18.489 19.895 18.909 19.771 22.439 22.531 25.980 25.634 24.979 22.914 26.413 27.248 24.507 25.535 22.205 22.893 21.691 18.638 17.261 13.624 13.083 10.615  9.467  9.855 10.577 13.928 15.398 18.659 21.329 23.390
 19.897 16.297 13.973 10.386  8.497  6.225  5.497  7.896  7.328  3.807  0.000  3.830  6.372  9.863 12.899 16.605 18.596 22.094 23.074 25.220 22.489 22.199 19.326 20.201 19.715 16.220 15.449 17.214 15.055 11.899 14.299 15.246 11.913 10.178 13.405 12.896 16.389 17.268 19.194 16.487 14.376 15.202 14.416 15.488 16.697 19.036 19.433 20.627 19.599 19.790 22.409 22.146 25.315 24.815 23.657 21.409 24.843 26.161 23.648 24.280 20.715 20.951 19.253 16.134 15.400 12.120 12.161 10.729  9.917 11.530 12.393 16.061 17.743 20.888 23.758 25.903
 16.289 12.641 10.324  6.689  5.598  4.322  6.031  9.080  9.649  6.928  3.830  0.000  3.828  6.659  9.908 13.470 15.455 18.836 19.736 22.156 19.715 19.820 17.231 18.622 17.821 14.129 14.217 16.110 13.541 11.001 14.150 14.802 11.513 10.904 14.376 13.886 17.140 17.294 19.565 17.327 14.533 14.874 13.178 14.008 14.518 16.923 17.988 19.084 18.299 18.033 20.801 20.601 23.448 22.528 20.955 18.394 21.648 23.270 20.804 21.062 17.385 17.326 15.480 12.344 11.827  8.846  9.495  9.178  9.329 12.027 13.629 17.415 19.646 22.790 25.746 28.062
 13.938 10.531  8.565  5.815  5.064  6.313  7.772 11.459 12.626  9.620  6.372  3.828  0.000  3.847  6.559 10.272 12.413 16.023 17.450 19.596 16.924 17.311 15.125 16.187 14.832 11.332 11.732 13.046 10.092  8.065 11.364 11.499  8.300  8.673 12.200 12.228 15.385 15.412 18.224 16.611 13.734 14.603 12.819 14.419 15.012 17.951 19.238 19.647 18.366 17.360 19.641 18.826 21.408 20.717 18.921 16.650 19.989 21.862 19.924 20.203 16.520 16.462 14.341 11.786 11.808  9.544  9.739 10.264  9.813 12.910 14.033 17.771 19.995 22.864 25.956 28.332
 10.446  6.993  6.016  4.657  6.316  8.748 11.111 14.687 16.033 13.219  9.863  6.659  3.847  0.000  3.817  7.048  9.725 13.268 15.003 17.459 15.202 16.394 14.937 16.371 14.370 11.046 12.617 13.537 10.090  9.483 12.942 12.312  9.493 11.160 14.547 14.926 17.742 17.298 20.390 19.305 16.165 16.744 14.346 15.711 15.528 18.374 20.310 20.559 19.517 17.953 20.139 19.212 21.221 20.146 17.738 15.205 18.151 20.578 18.960 18.631 14.894 14.173 11.497  9.207 10.271  9.249 10.254 12.033 12.322 15.815 17.224 20.875 23.292 26.060 29.166 31.587
  8.298  5.851  5.381  6.246  7.666 11.029 13.132 16.780 18.672 15.986 12.899  9.908  6.559  3.817  0.000  3.816  6.252  9.977 12.178 14.241 11.840 13.385 12.558 13.819 11.299  8.421 10.721 11.125  7.606  8.380 11.691 10.770  8.979 11.511 14.271 14.716 16.933 16.010 19.344 18.969 15.792 16.488 14.015 15.808 15.638 18.787 20.820 20.410 19.025 16.808 18.437 17.045 18.600 17.655 15.048 12.925 15.828 18.396 17.398 17.164 13.688 13.215 10.716  9.690 10.807 10.587 10.861 13.149 13.154 16.716 17.916 21.297 23.795 26.280 29.392 31.869
  5.512  4.779  6.296  8.808 10.867 14.408 16.730 20.288 22.314 19.718 16.605 13.470 10.272  7.048  3.816  0.000  3.831  7.178 10.080 12.129 10.325 12.842 13.101 14.467 11.407  9.433 12.523 12.379  9.092 11.100 13.993 12.592 11.589 14.637 17.024 17.651 19.431 18.149 21.561 21.697 18.502 19.030 16.335 17.978 17.333 20.326 22.728 22.032 20.765 18.073 19.334 17.761 18.554 17.383 14.267 12.281 14.515 17.566 17.211 16.479 13.350 12.396  9.704  9.878 11.707 12.627 13.137 15.977 16.279 19.893 21.158 24.360 26.931 29.250 32.340 34.827
  5.423  6.357  6.869 10.037 11.588 15.379 17.615 20.939 23.481 21.292 18.596 15.455 12.413  9.725  6.252  3.831  0.000  3.822  6.677  8.365  6.608  9.435 10.333 11.990  9.040  7.659 11.327 11.430  9.056 11.535 14.277 13.495 13.333 16.179 18.001 18.069 19.165 17.197 20.401 21.007 17.730 17.890 15.070 16.687 15.943 18.979 21.379 20.166 18.808 15.712 16.570 14.968 15.264 13.930 10.666  9.043 11.166 14.149 14.286 13.781 11.146 10.876  9.205 10.544 11.583 12.881 12.695 15.767 16.129 19.656 21.036 23.894 26.671 28.812 31.808 34.363
  5.849  8.478  9.324 12.899 14.581 18.340 20.715 23.805 26.566 24.645 22.094 18.836 16.023 13.268  9.977  7.178  3.822  0.000  3.877  5.370  5.357  8.984 10.996 12.939 10.273  9.856 13.664 13.792 12.132 14.836 17.338 16.690 16.943 19.777 21.328 21.194 21.841 19.444 22.398 23.378 20.093 19.846 16.882 18.126 16.936 19.629 22.249 20.732 19.619 16.239 16.717 15.284 14.671 12.898  9.249  8.008  8.898 12.204 13.154 12.243 10.494 10.206  9.342 11.882 12.842 14.883 14.696 18.029 18.719 22.165 23.727 26.323 29.240 31.245 34.133 36.709
  7.561  9.954  9.915 13.410 14.921 18.467 20.981 23.638 26.665 25.249 23.074 19.736 17.450 15.003 12.178 10.080  6.677  3.877  0.000  3.837  5.534  8.344 10.261 13.006 11.349 10.767 14.465 15.418 14.293 16.480 19.171 19.190 19.373 21.762 23.268 22.540 22.943 20.124 22.613 23.549 20.116 19.166 15.951 16.557 14.892 17.184 19.933 18.288 17.599 14.246 14.857 14.177 13.291 10.708  6.886  5.172  5.118  8.657  9.726  8.604  7.570  7.933  8.552 11.656 11.780 14.162 13.793 17.252 18.432 21.756 23.730 26.110 29.276 31.319 34.076 36.706
 10.693 13.144 12.959 16.238 17.148 20.749 22.790 25.432 28.642 27.230 25.220 22.156 19.596 17.459 14.241 12.129  8.365  5.370  3.837  0.000  3.835  6.537  9.625 11.650 10.131 10.865 14.273 14.758 14.447 17.048 19.118 19.232 20.148 22.565 23.478 22.709 22.516 19.463 21.815 23.341 20.238 19.515 16.768 17.832 16.713 19.187 21.503 19.275 18.085 14.419 14.020 12.773 11.045  8.995  5.533  6.244  5.958  8.369 10.633 10.492 10.352 11.484 12.346 15.311 15.169 17.130 16.097 19.188 19.814 22.818 24.386 26.372 29.399 31.084 33.734 36.317
 10.688 12.292 11.592 14.430 14.774 18.421 20.054 22.861 26.039 24.449 22.489 19.715 16.924 15.202 11.840 10.325  6.608  5.357  5.534  3.835  0.000  3.841  6.810  8.327  6.362  7.286 10.630 10.940 10.800 13.456 15.343 15.581 16.693 19.017 19.738 19.002 18.792 15.855 18.431 19.977 16.984 16.741 14.308 16.052 15.647 18.673 20.603 18.343 16.557 12.864 12.383 10.441  9.484  8.348  5.369  6.292  8.075  9.920 11.408 12.078 11.030 12.497 12.815 15.010 14.690 15.885 14.386 17.104 17.133 20.056 21.258 23.277 26.148 27.793 30.522 33.093
 13.770 14.689 13.070 15.188 14.602 17.912 18.999 21.440 24.856 23.629 22.199 19.820 17.311 16.394 13.385 12.842  9.435  8.984  8.344  6.537  3.841  0.000  3.835  5.239  5.104  6.476  8.818  9.804 10.818 12.822 14.358 15.481 16.865 18.549 18.789 17.432 16.665 13.319 15.406 17.183 14.383 13.969 11.990 13.981 14.224 17.383 18.705 16.022 13.766 10.021  8.883  6.650  5.890  5.429  4.123  6.427  8.886  9.241 10.508 12.371 11.638 14.054 14.944 16.725 15.573 16.086 13.761 15.852 15.472 17.898 18.927 20.500 23.381 24.840 27.435 30.017
 14.596 14.545 12.066 13.309 11.947 14.885 15.643 17.852 21.360 20.380 19.326 17.231 15.125 14.937 12.558 13.101 10.333 10.996 10.261  9.625  6.810  3.835  0.000  3.844  5.370  4.924  6.327  8.682  9.830 10.709 12.517 14.393 15.357 16.374 16.692 14.790 14.170 10.751 12.629 13.905 10.852 10.186  8.221 10.518 11.385 14.826 15.722 13.152 10.561  7.041  6.601  4.762  6.360  6.067  5.887  6.859 10.262 10.155 10.075 12.491 11.196 13.988 14.901 15.911 14.141 13.839 10.946 12.476 11.845 14.112 15.253 16.877 19.908 21.588 24.232 26.891
 16.937 16.874 14.657 15.639 13.879 16.667 16.704 19.008 22.371 21.161 20.201 18.622 16.187 16.371 13.819 14.467 11.990 12.939 13.006 11.650  8.327  5.239  3.844  0.000  3.844  5.434  5.111  6.362  8.863  9.979 10.600 12.648 14.452 15.370 14.863 13.088 11.748  8.250 10.314 12.392 10.118 10.614  9.934 12.984 14.593 18.125 18.538 15.845 12.697  9.579  8.052  4.622  6.351  8.080  8.679 10.417 13.559 13.327 13.702 16.210 14.970 17.573 18.109 18.955 17.459 16.810 13.797 14.704 13.120 14.824 14.999 16.216 18.775 20.000 22.619 25.184
 14.321 14.500 12.971 14.444 13.378 16.652 17.130 20.006 23.085 21.316 19.715 17.821 14.832 14.370 11.299 11.407  9.040 10.273 11.349 10.131  6.362  5.104  5.370  3.844  0.000  3.863  5.357  4.893  6.360  8.802  9.673 10.591 12.476 14.271 14.169 13.330 12.699  9.924 12.851 14.663 12.234 13.171 11.944 14.939 16.023 19.634 20.621 18.297 15.504 12.234 11.327  8.179  8.951  9.952  9.075 10.280 13.323 14.130 14.748 16.468 14.800 16.689 16.547 17.495 16.760 16.509 14.144 15.654 14.285 16.612 16.819 18.610 21.038 22.422 25.213 27.723
 12.519 11.861  9.733 10.745  9.538 12.872 13.643 16.643 19.679 17.905 16.220 14.129 11.332 11.046  8.421  9.433  7.659  9.856 10.767 10.865  7.286  6.476  4.924  5.434  3.863  0.000  3.850  5.383  5.113  6.497  8.785  9.976 10.686 12.240 13.004 11.935 12.252  9.763 12.797 13.613 10.527 11.160  9.312 12.189 13.164 16.867 18.008 16.206 13.709 10.789 11.124  8.935 10.687 10.729  9.404  9.187 12.772 13.887 13.542 15.036 12.678 14.413 14.031 14.379 13.464 12.848 10.556 12.146 11.028 13.828 14.544 16.913 19.615 21.520 24.459 27.060
 16.125 15.007 12.528 12.527 10.229 12.777 12.440 15.178 18.195 16.552 15.449 14.217 11.732 12.617 10.721 12.523 11.327 13.664 14.465 14.273 10.630  8.818  6.327  5.111  5.357  3.850  0.000  3.840  5.404  5.071  6.313  8.819  9.905 10.429 10.393  8.675  8.539  5.988  9.150  9.975  7.282  8.873  8.336 11.912 13.930 17.706 18.070 16.218 13.169 10.876 10.912  8.513 11.197 12.181 11.959 12.193 15.883 16.336 15.736 17.802 15.547 17.604 17.335 17.181 15.871 14.423 11.572 11.948  9.711 11.699 11.605 13.679 16.131 17.879 20.834 23.433
 16.626 15.873 14.181 14.580 12.807 15.535 15.148 18.174 20.828 18.705 17.214 16.110 13.046 13.537 11.125 12.379 11.430 13.792 15.418 14.758 10.940  9.804  8.682  6.362  4.893  5.383  3.840  0.000  3.844  5.413  4.936  6.358  8.733 10.067  9.409  8.941  8.585  6.906 10.520 11.973 10.169 12.413 12.155 15.718 17.560 21.337 21.860 19.943 16.856 14.336 13.805 10.723 12.605 14.088 13.598 14.247 17.653 18.457 18.453 20.248 18.032 19.699 18.990 19.033 18.376 17.253 14.837 15.449 13.129 15.016 14.326 16.239 18.125 19.469 22.399 24.816
 13.871 12.749 11.442 11.850 10.706 13.713 13.929 17.400 19.741 17.191 15.055 13.541 10.092 10.090  7.606  9.092  9.056 12.132 14.293 14.447 10.800 10.818  9.830  8.863  6.360  5.113  5.404  3.844  0.000  3.855  5.337  5.075  6.194  8.565  9.313  9.671 10.746  9.766 13.462 14.082 11.747 13.712 12.685 15.893 17.202 20.928 21.937 20.529 17.910 15.430 15.700 13.102 14.898 15.547 14.172 13.898 17.294 18.804 18.507 19.654 16.930 17.932 16.586 16.308 16.213 15.230 13.526 14.596 12.768 15.333 15.136 17.745 19.765 21.549 24.620 27.038
 15.758 13.819 11.748 10.927  8.774 11.023 10.541 13.948 16.161 13.656 11.899 11.001  8.065  9.483  8.380 11.100 11.535 14.836 16.480 17.048 13.456 12.822 10.709  9.979  8.802  6.497  5.071  5.413  3.855  0.000  3.848  5.454  5.081  5.775  6.986  6.632  8.617  8.282 11.747 11.434  9.091 11.373 10.812 14.100 15.923 19.615 20.194 19.166 16.536 14.777 15.578 13.517 16.123 16.746 15.812 15.168 18.863 20.032 19.061 20.461 17.513 18.705 17.458 16.451 15.847 14.000 12.040 12.214  9.832 12.112 11.716 14.600 16.579 18.658 21.801 24.249
 18.900 17.268 15.452 14.737 12.461 14.304 13.076 16.135 18.132 15.645 14.299 14.150 11.364 12.942 11.691 13.993 14.277 17.338 19.171 19.118 15.343 14.358 12.517 10.600  9.673  8.785  6.313  4.936  5.337  3.848  0.000  3.844  5.594  5.637  4.527  4.851  6.105  6.823 10.385 10.648  9.534 12.673 13.107 16.715 18.984 22.705 22.893 21.576 18.544 16.837 16.934 14.356 16.895 18.296 17.854 17.892 21.526 22.413 21.795 23.508 20.824 22.210 21.047 20.212 19.625 17.745 15.552 15.305 12.366 13.769 12.324 14.542 15.836 17.344 20.402 22.695
 17.901 16.438 15.441 15.123 13.683 15.867 15.197 18.609 20.253 17.289 15.246 14.802 11.499 12.312 10.770 12.592 13.495 16.690 19.190 19.232 15.581 15.481 14.393 12.648 10.591  9.976  8.819  6.358  5.075  5.454  3.844  0.000  3.845  6.040  5.836  8.026  9.599 10.427 14.059 14.451 13.219 16.131 16.026 19.449 21.237 24.947 25.581 24.381 21.558 19.528 19.658 16.887 18.903 20.101 19.060 18.933 22.335 23.770 23.414 24.638 21.799 22.625 20.928 20.154 20.289 18.835 17.272 17.595 15.105 16.974 15.782 18.219 19.391 20.865 23.904 26.056
 16.919 14.761 13.710 12.740 11.452 13.264 12.788 16.375 17.607 14.345 11.913 11.513  8.300  9.493  8.979 11.589 13.333 16.943 19.373 20.148 16.693 16.865 15.357 14.452 12.476 10.686  9.905  8.733  6.194  5.081  5.594  3.845  0.000  3.827  6.099  8.275 11.084 12.121 15.593 15.086 13.434 16.040 15.574 18.618 20.180 23.724 24.506 23.853 21.421 19.740 20.589 18.360 20.677 21.315 19.961 19.103 22.577 24.257 23.389 24.292 21.077 21.531 19.496 18.107 18.402 16.679 15.633 15.869 13.680 15.823 15.036 18.027 19.343 21.309 24.438 26.615
 19.701 17.187 15.494 13.724 11.565 12.375 10.877 14.073 15.014 11.866 10.178 10.904  8.673 11.160 11.511 14.637 16.179 19.777 21.762 22.565 19.017 18.549 16.374 15.370 14.271 12.240 10.429 10.067  8.565  5.775  5.637  6.040  3.827  0.000  3.851  5.687  9.237 11.096 14.045 12.828 11.706 14.615 14.853 17.906 19.987 23.431 23.685 23.241 20.732 19.665 20.673 18.755 21.585 22.401 21.545 20.695 24.378 25.640 24.393 25.650 22.440 23.227 21.481 19.714 19.450 17.066 15.677 14.993 12.258 13.659 12.333 15.261 16.236 18.288 21.396 23.520
 22.155 20.037 18.260 16.809 14.336 15.209 13.214 15.967 17.122 14.405 13.405 14.376 12.200 14.547 14.271 17.024 18.001 21.328 23.268 23.478 19.738 18.789 16.692 14.863 14.169 13.004 10.393  9.409  9.313  6.986  4.527  5.836  6.099  3.851  0.000  3.824  6.544  9.228 11.982 11.305 11.186 14.679 15.692 19.120 21.643 25.197 25.074 24.199 21.263 20.164 20.542 18.254 21.065 22.510 22.164 21.951 25.657 26.546 25.606 27.283 24.382 25.578 24.150 22.745 22.231 19.873 17.940 17.010 13.776 14.478 12.315 14.461 14.902 16.349 19.351 21.379
 22.318 20.173 17.781 16.144 13.076 13.659 11.248 13.550 15.225 13.162 12.896 13.886 12.228 14.926 14.716 17.651 18.069 21.194 22.540 22.709 19.002 17.432 14.790 13.088 13.330 11.935  8.675  8.941  9.671  6.632  4.851  8.026  8.275  5.687  3.824  0.000  3.896  6.456  8.737  7.580  7.577 11.188 12.713 16.171 19.059 22.549 22.043 21.071 18.026 17.281 17.705 15.777 18.960 20.427 20.548 20.424 24.220 24.646 23.478 25.522 22.821 24.475 23.556 22.200 21.063 18.447 15.986 14.577 11.024 11.196  8.799 10.784 11.565 13.235 16.348 18.641
 23.874 22.190 19.723 18.544 15.418 16.282 13.917 15.793 17.892 16.346 16.389 17.140 15.385 17.742 16.933 19.431 19.165 21.841 22.943 22.516 18.792 16.665 14.170 11.748 12.699 12.252  8.539  8.585 10.746  8.617  6.105  9.599 11.084  9.237  6.544  3.896  0.000  3.884  5.682  5.948  7.086 10.839 12.987 16.640 19.778 23.288 22.491 20.961 17.542 16.676 16.326 14.098 17.170 19.232 19.954 20.515 24.203 24.165 23.360 25.816 23.563 25.652 25.163 24.278 22.881 20.477 17.556 16.184 12.562 12.243  9.537 10.327 10.905 11.813 14.746 17.071
 22.046 20.736 18.105 17.404 14.371 15.744 13.953 15.833 18.586 17.355 17.268 17.294 15.412 17.298 16.010 18.149 17.197 19.444 20.124 19.463 15.855 13.319 10.751  8.250  9.924  9.763  5.988  6.906  9.766  8.282  6.823 10.427 12.121 11.096  9.228  6.456  3.884  0.000  3.842  5.591  5.440  8.609 10.495 14.232 17.268 20.823 20.131 18.160 14.594 13.336 12.636 10.287 13.395 15.505 16.487 17.351 20.944 20.637 20.007 22.664 20.737 23.142 23.082 22.639 20.986 18.911 15.683 14.704 11.413 11.488  9.644 10.365 11.917 12.939 15.775 18.299
 25.127 23.798 20.885 19.977 16.666 17.488 15.288 16.326 19.130 18.576 19.194 19.565 18.224 20.390 19.344 21.561 20.401 22.398 22.613 21.815 18.431 15.406 12.629 10.314 12.851 12.797  9.150 10.520 13.462 11.747 10.385 14.059 15.593 14.045 11.982  8.737  5.682  3.842  0.000  3.842  5.618  8.223 11.153 14.523 17.942 21.184 19.848 17.741 14.062 13.531 12.545 10.831 14.084 16.431 18.139 19.238 22.702 21.795 21.031 24.080 22.502 25.265 25.620 25.166 23.082 20.806 17.299 15.748 12.408 11.380  9.144  8.437  9.692 10.203 12.762 15.378
 25.296 23.449 20.294 18.730 15.114 15.174 12.468 13.058 15.654 15.374 16.487 17.327 16.611 19.305 18.969 21.697 21.007 23.378 23.549 23.341 19.977 17.183 13.905 12.392 14.663 13.613  9.975 11.973 14.082 11.434 10.648 14.451 15.086 12.828 11.305  7.580  5.948  5.591  3.842  0.000  3.836  6.735 10.100 13.200 16.836 19.916 18.343 16.873 13.502 13.746 13.767 12.808 16.437 18.169 19.580 20.000 23.635 22.881 21.503 24.393 22.473 25.076 25.290 24.308 22.075 19.319 15.925 13.700 10.108  8.357  5.534  4.957  6.585  8.162 11.151 13.965
 21.779 19.914 16.642 15.173 11.613 12.043  9.945 11.065 14.183 13.736 14.376 14.533 13.734 16.165 15.792 18.502 17.730 20.093 20.116 20.238 16.984 14.383 10.852 10.118 12.234 10.527  7.282 10.169 11.747  9.091  9.534 13.219 13.434 11.706 11.186  7.577  7.086  5.440  5.618  3.836  0.000  3.821  6.507  9.891 13.353 16.646 15.532 14.108 10.834 10.723 11.377 10.641 14.397 15.517 16.512 16.524 20.225 19.706 18.130 20.830 18.746 21.286 21.520 20.576 18.292 15.642 12.195 10.282  6.825  6.189  5.021  6.464  9.307 11.500 14.456 17.252
 21.430 19.653 16.085 14.689 11.250 11.490 10.031 10.443 14.047 14.344 15.202 14.874 14.603 16.744 16.488 19.030 17.890 19.846 19.166 19.515 16.741 13.969 10.186 10.614 13.171 11.160  8.873 12.413 13.712 11.373 12.673 16.131 16.040 14.615 14.679 11.188 10.839  8.609  8.223  6.735  3.821  0.000  3.828  6.548 10.225 13.270 11.893 10.371  7.174  7.784  9.191  9.739 13.520 13.966 15.179 14.938 18.440 17.527 15.525 18.398 16.610 19.463 20.258 19.443 16.630 14.052 10.351  8.291  5.788  5.126  6.161  7.306 10.844 13.208 15.818 18.638
 18.129 16.413 12.762 11.658  8.646  9.543  9.406 10.427 14.192 14.233 14.416 13.178 12.819 14.346 14.015 16.335 15.070 16.882 15.951 16.768 14.308 11.990  8.221  9.934 11.944  9.312  8.336 12.155 12.685 10.812 13.107 16.026 15.574 14.853 15.692 12.713 12.987 10.495 11.153 10.100  6.507  3.828  0.000  3.817  6.934 10.413  9.992  8.585  5.975  5.714  8.292  9.214 12.626 12.117 12.620 11.703 15.215 14.670 12.367 14.912 12.890 15.677 16.560 15.869 12.955 10.668  6.876  5.785  4.789  6.449  8.808 10.813 14.361 16.882 19.524 22.287
 18.802 17.058 13.309 12.112  9.638  9.867 10.430 10.557 14.284 15.041 15.488 14.008 14.419 15.711 15.808 17.978 16.687 18.126 16.557 17.832 16.052 13.981 10.518 12.984 14.939 12.189 11.912 15.718 15.893 14.100 16.715 19.449 18.618 17.906 19.120 16.171 16.640 14.232 14.523 13.200  9.891  6.548  3.817  0.000  3.822  6.808  6.264  5.489  4.505  5.752  9.336 11.447 14.412 13.081 13.507 12.001 15.002 14.210 11.175 13.551 11.793 14.656 16.079 15.313 11.851  9.643  6.175  5.041  6.327  7.699 10.976 12.777 16.417 19.083 21.457 24.155
 17.075 15.549 11.987 11.300  9.969 10.566 12.306 12.652 16.079 16.739 16.697 14.518 15.012 15.528 15.638 17.333 15.943 16.936 14.892 16.713 15.647 14.224 11.385 14.593 16.023 13.164 13.930 17.560 17.202 15.923 18.984 21.237 20.180 19.987 21.643 19.059 19.778 17.268 17.942 16.836 13.353 10.225  6.934  3.822  0.000  3.848  5.509  5.497  6.541  6.955 10.746 13.090 15.336 13.107 12.824 10.538 12.966 12.489  8.960 10.635  8.890 11.625 13.484 12.959  9.244  7.879  5.396  6.203  8.969 11.040 14.500 16.526 20.144 22.849 25.206 27.864
 19.355 17.919 14.601 13.886 13.006 12.991 14.845 14.482 17.570 18.790 19.036 16.923 17.951 18.374 18.787 20.326 18.979 19.629 17.184 19.187 18.673 17.383 14.826 18.125 19.634 16.867 17.706 21.337 20.928 19.615 22.705 24.947 23.724 23.431 25.197 22.549 23.288 20.823 21.184 19.916 16.646 13.270 10.413  6.808  3.848  0.000  3.850  5.558  8.421  9.677 13.304 16.157 18.092 15.549 15.370 12.989 14.597 13.833 10.049 11.221 10.228 12.639 14.951 14.426 10.633  9.720  8.400  8.886 12.021 13.565 17.208 18.964 22.535 25.254 27.360 29.930
 22.400 20.797 17.242 16.076 14.376 13.765 14.684 13.548 16.709 18.489 19.433 17.988 19.238 20.310 20.820 22.728 21.379 22.249 19.933 21.503 20.603 18.705 15.722 18.538 20.621 18.008 18.070 21.860 21.937 20.194 22.893 25.581 24.506 23.685 25.074 22.043 22.491 20.131 19.848 18.343 15.532 11.893  9.992  6.264  5.509  3.850  0.000  3.823  6.905  9.558 12.982 16.107 18.453 16.480 17.085 15.319 17.224 15.881 12.313 14.255 13.479 16.181 18.372 17.653 13.843 12.199 10.144  9.204 11.600 12.059 15.574 16.741 20.219 22.828 24.674 27.184
 21.842 20.694 17.169 16.571 14.712 14.881 15.579 14.976 18.510 19.895 20.627 19.084 19.647 20.559 20.410 22.032 20.166 20.732 18.288 19.275 18.343 16.022 13.152 15.845 18.297 16.206 16.218 19.943 20.529 19.166 21.576 24.381 23.853 23.241 24.199 21.071 20.961 18.160 17.741 16.873 14.108 10.371  8.585  5.489  5.497  5.558  3.823  0.000  3.825  6.416  9.493 12.876 15.049 13.233 14.391 13.311 15.241 13.350 10.183 12.940 12.653 15.948 18.388 18.284 14.569 13.285 10.530 10.018 11.648 12.130 15.216 16.016 19.565 21.825 23.681 26.268
 21.365 20.237 16.660 16.088 13.707 14.234 14.347 14.162 17.910 18.909 19.599 18.299 18.366 19.517 19.025 20.765 18.808 19.619 17.599 18.085 16.557 13.766 10.561 12.697 15.504 13.709 13.169 16.856 17.910 16.536 18.544 21.558 21.421 20.732 21.263 18.026 17.542 14.594 14.062 13.502 10.834  7.174  5.975  4.505  6.541  8.421  6.905  3.825  0.000  3.827  6.585  9.691 12.389 11.346 12.960 12.544 15.079 13.193 10.653 13.901 13.297 16.759 18.816 18.759 15.290 13.715 10.279  9.474  9.898 10.172 12.690 13.291 16.845 18.916 20.915 23.586
 18.615 17.950 14.640 14.818 12.842 14.373 14.923 15.675 19.471 19.771 19.790 18.033 17.360 17.953 16.808 18.073 15.712 16.239 14.246 14.419 12.864 10.021  7.041  9.579 12.234 10.789 10.876 14.336 15.430 14.777 16.837 19.528 19.740 19.665 20.164 17.281 16.676 13.336 13.531 13.746 10.723  7.784  5.714  5.752  6.955  9.677  9.558  6.416  3.827  0.000  3.840  6.656  9.073  7.776  9.252  9.207 11.928 10.204  8.258 11.679 11.095 14.684 16.692 17.185 14.094 13.146  9.717 10.105 10.380 11.635 13.807 14.804 18.298 20.222 22.464 25.170
 20.127 19.954 16.970 17.564 15.582 17.428 17.620 18.549 22.334 22.439 22.409 20.801 19.641 20.139 18.437 19.334 16.570 16.717 14.857 14.020 12.383  8.883  6.601  8.052 11.327 11.124 10.912 13.805 15.700 15.578 16.934 19.658 20.589 20.673 20.542 17.705 16.326 12.636 12.545 13.767 11.377  9.191  8.292  9.336 10.746 13.304 12.982  9.493  6.585  3.840  0.000  3.838  5.926  5.832  8.640 10.132 12.521 10.294  9.714 13.377 13.379 17.008 19.009 19.945 17.195 16.507 13.076 13.481 13.029 13.908 15.263 15.655 18.830 20.179 22.266 24.901
 19.264 19.266 16.620 17.459 15.499 17.804 17.812 19.341 22.998 22.531 22.146 20.601 18.826 19.212 17.045 17.761 14.968 15.284 14.177 12.773 10.441  6.650  4.762  4.622  8.179  8.935  8.513 10.723 13.102 13.517 14.356 16.887 18.360 18.755 18.254 15.777 14.098 10.287 10.831 12.808 10.641  9.739  9.214 11.447 13.090 16.157 16.107 12.876  9.691  6.656  3.838  0.000  3.851  5.678  8.120 10.289 12.988 11.482 11.698 14.959 14.547 17.826 19.254 20.271 18.062 17.415 14.049 14.643 13.508 14.624 15.267 15.806 18.655 19.769 22.043 24.640
 19.414 20.150 18.011 19.536 18.157 20.820 21.215 22.897 26.561 25.980 25.315 23.448 21.408 21.221 18.600 18.554 15.264 14.671 13.291 11.045  9.484  5.890  6.360  6.351  8.951 10.687 11.197 12.605 14.898 16.123 16.895 18.903 20.677 21.585 21.065 18.960 17.170 13.395 14.084 16.437 14.397 13.520 12.626 14.412 15.336 18.092 18.453 15.049 12.389  9.073  5.926  3.851  0.000  3.810  6.767 10.048 11.796 10.049 11.496 14.543 14.871 18.066 19.738 21.415 19.505 19.548 16.534 17.719 16.983 18.351 19.080 19.580 22.335 23.238 25.382 27.880
 17.286 18.185 16.068 17.883 17.004 19.746 20.756 22.401 26.098 25.634 24.815 22.528 20.717 20.146 17.655 17.383 13.930 12.898 10.708  8.995  8.348  5.429  6.067  8.080  9.952 10.729 12.181 14.088 15.547 16.746 18.296 20.101 21.315 22.401 22.510 20.427 19.232 15.505 16.431 18.169 15.517 13.966 12.117 13.081 13.107 15.549 16.480 13.233 11.346  7.776  5.832  5.678  3.810  0.000  3.836  6.963  8.297  6.292  7.845 10.821 11.519 14.815 16.902 18.855 16.852 17.382 14.719 16.461 16.550 18.381 19.825 20.753 23.854 25.178 27.414 29.997
 13.639 14.886 13.225 15.612 15.467 18.616 20.200 22.280 25.808 24.979 23.657 20.955 18.921 17.738 15.048 14.267 10.666  9.249  6.886  5.533  5.369  4.123  5.887  8.679  9.075  9.404 11.959 13.598 14.172 15.812 17.854 19.060 19.961 21.545 22.164 20.548 19.954 16.487 18.139 19.580 16.512 15.179 12.620 13.507 12.824 15.370 17.085 14.391 12.960  9.252  8.640  8.120  6.767  3.836  0.000  3.827  5.269  5.152  6.927  8.745  8.963 11.754 13.567 15.856 14.377 15.504 13.475 15.965 16.473 18.981 20.673 22.225 25.402 27.038 29.513 32.136
 10.984 11.891 10.076 12.574 12.970 16.112 18.254 20.381 23.752 22.914 21.409 18.394 16.650 15.205 12.925 12.281  9.043  8.008  5.172  6.244  6.292  6.427  6.859 10.417 10.280  9.187 12.193 14.247 13.898 15.168 17.892 18.933 19.103 20.695 21.951 20.424 20.515 17.351 19.238 20.000 16.524 14.938 11.703 12.001 10.538 12.989 15.319 13.311 12.544  9.207 10.132 10.289 10.048  6.963  3.827  0.000  3.855  5.488  5.458  6.224  5.340  8.080  9.967 12.193 10.665 12.162 10.703 13.734 14.940 17.893 20.085 22.134 25.476 27.524 30.134 32.807
 11.907 13.660 12.583 15.459 16.369 19.430 21.814 23.802 27.140 26.413 24.843 21.648 19.989 18.151 15.828 14.515 11.166  8.898  5.118  5.958  8.075  8.886 10.262 13.559 13.323 12.772 15.883 17.653 17.294 18.863 21.526 22.335 22.577 24.378 25.657 24.220 24.203 20.944 22.702 23.635 20.225 18.440 15.215 15.002 12.966 14.597 17.224 15.241 15.079 11.928 12.521 12.988 11.796  8.297  5.269  3.855  0.000  3.859  5.423  4.684  5.909  8.025 10.591 13.609 12.441 14.700 13.803 16.986 18.548 21.444 23.773 25.696 29.075 31.051 33.560 36.210
 15.528 16.903 15.232 17.574 17.779 20.490 22.458 23.991 27.549 27.248 26.161 23.270 21.862 20.578 18.396 17.566 14.149 12.204  8.657  8.369  9.920  9.241 10.155 13.327 14.130 13.887 16.336 18.457 18.804 20.032 22.413 23.770 24.257 25.640 26.546 24.646 24.165 20.637 21.795 22.881 19.706 17.527 14.670 14.210 12.489 13.833 15.881 13.350 13.193 10.204 10.294 11.482 10.049  6.292  5.152  5.488  3.859  0.000  3.837  5.446  7.794 10.835 13.818 16.437 14.545 16.222 14.640 17.248 18.649 21.021 23.321 24.739 28.140 29.910 32.188 34.814
 15.286 15.871 13.614 15.374 15.424 17.705 19.790 21.007 24.518 24.507 23.648 20.804 19.924 18.960 17.398 17.211 14.286 13.154  9.726 10.633 11.408 10.508 10.075 13.702 14.748 13.542 15.736 18.453 18.507 19.061 21.795 23.414 23.389 24.393 25.606 23.478 23.360 20.007 21.031 21.503 18.130 15.525 12.367 11.175  8.960 10.049 12.313 10.183 10.653  8.258  9.714 11.698 11.496  7.845  6.927  5.458  5.423  3.837  0.000  3.854  5.600  9.221 12.450 14.436 11.902 13.266 11.695 14.193 16.074 18.435 21.140 22.725 26.262 28.327 30.623 33.282
 13.436 14.388 12.796 15.033 16.003 18.414 21.070 22.508 25.754 25.535 24.280 21.062 20.203 18.631 17.164 16.479 13.781 12.243  8.604 10.492 12.078 12.371 12.491 16.210 16.468 15.036 17.802 20.248 19.654 20.461 23.508 24.638 24.292 25.650 27.283 25.522 25.816 22.664 24.080 24.393 20.830 18.398 14.912 13.551 10.635 11.221 14.255 12.940 13.901 11.679 13.377 14.959 14.543 10.821  8.745  6.224  4.684  5.446  3.854  0.000  3.841  6.406 10.019 12.533 10.588 12.952 12.483 15.582 17.943 20.723 23.615 25.587 29.139 31.394 33.807 36.468
 10.692 10.969  9.073 11.239 12.465 15.003 17.887 19.629 22.709 22.205 20.715 17.385 16.520 14.894 13.688 13.350 11.146 10.494  7.570 10.352 11.030 11.638 11.196 14.970 14.800 12.678 15.547 18.032 16.930 17.513 20.824 21.799 21.077 22.440 24.382 22.821 23.563 20.737 22.502 22.473 18.746 16.610 12.890 11.793  8.890 10.228 13.479 12.653 13.297 11.095 13.379 14.547 14.871 11.519  8.963  5.340  5.909  7.794  5.600  3.841  0.000  3.832  6.960  9.005  6.982  9.417  9.303 12.767 15.212 18.355 21.266 23.656 27.163 29.633 32.229 34.905
  8.599  9.054  8.261 10.853 13.148 15.708 19.041 21.041 23.712 22.893 20.951 17.326 16.462 14.173 13.215 12.396 10.876 10.206  7.933 11.484 12.497 14.054 13.988 17.573 16.689 14.413 17.604 19.699 17.932 18.705 22.210 22.625 21.531 23.227 25.578 24.475 25.652 23.142 25.265 25.076 21.286 19.463 15.677 14.656 11.625 12.639 16.181 15.948 16.759 14.684 17.008 17.826 18.066 14.815 11.754  8.080  8.025 10.835  9.221  6.406  3.832  0.000  3.840  6.600  6.043  9.557 10.809 14.530 17.175 20.602 23.527 26.263 29.691 32.307 35.015 37.669
  5.734  5.681  6.031  8.967 12.051 14.791 18.288 20.741 23.034 21.691 19.253 15.480 14.341 11.497 10.716  9.704  9.205  9.342  8.552 12.346 12.815 14.944 14.901 18.109 16.547 14.031 17.335 18.990 16.586 17.458 21.047 20.928 19.496 21.481 24.150 23.556 25.163 23.082 25.620 25.290 21.520 20.258 16.560 16.079 13.484 14.951 18.372 18.388 18.816 16.692 19.009 19.254 19.738 16.902 13.567  9.967 10.591 13.818 12.450 10.019  6.960  3.840  0.000  3.843  5.583  9.090 11.078 14.832 17.214 20.893 23.581 26.661 29.905 32.611 35.476 38.094
  7.595  5.352  4.898  6.379  9.858 12.046 15.737 18.149 20.043 18.638 16.134 12.344 11.786  9.207  9.690  9.878 10.544 11.882 11.656 15.311 15.010 16.725 15.911 18.955 17.495 14.379 17.181 19.033 16.308 16.451 20.212 20.154 18.107 19.714 22.745 22.200 24.278 22.639 25.166 24.308 20.576 19.443 15.869 15.313 12.959 14.426 17.653 18.284 18.759 17.185 19.945 20.271 21.415 18.855 15.856 12.193 13.609 16.437 14.436 12.533  9.005  6.600  3.843  0.000  3.843  6.640  9.557 12.972 15.488 19.165 21.912 25.241 28.369 31.284 34.178 36.746
 10.054  8.002  5.592  6.050  8.381 10.223 13.835 15.766 18.074 17.261 15.400 11.827 11.808 10.271 10.807 11.707 11.583 12.842 11.780 15.169 14.690 15.573 14.141 17.459 16.760 13.464 15.871 18.376 16.213 15.847 19.625 20.289 18.402 19.450 22.231 21.063 22.881 20.986 23.082 22.075 18.292 16.630 12.955 11.851  9.244 10.633 13.843 14.569 15.290 14.094 17.195 18.062 19.505 16.852 14.377 10.665 12.441 14.545 11.902 10.588  6.982  6.043  5.583  3.843  0.000  3.828  6.482  9.958 12.921 16.422 19.496 22.615 25.917 28.856 31.630 34.234
 12.542  9.775  6.498  4.648  5.570  6.579 10.182 11.977 14.290 13.624 12.120  8.846  9.544  9.249 10.587 12.627 12.881 14.883 14.162 17.130 15.885 16.086 13.839 16.810 16.509 12.848 14.423 17.253 15.230 14.000 17.745 18.835 16.679 17.066 19.873 18.447 20.477 18.911 20.806 19.319 15.642 14.052 10.668  9.643  7.879  9.720 12.199 13.285 13.715 13.146 16.507 17.415 19.548 17.382 15.504 12.162 14.700 16.222 13.266 12.952  9.417  9.557  9.090  6.640  3.828  0.000  3.817  6.594  9.648 13.056 16.187 19.422 22.642 25.716 28.486 31.059
 13.826 11.470  7.699  6.129  4.723  6.067  8.704 10.419 13.496 13.083 12.161  9.495  9.739 10.254 10.861 13.137 12.695 14.696 13.793 16.097 14.386 13.761 10.946 13.797 14.144 10.556 11.572 14.837 13.526 12.040 15.552 17.272 15.633 15.677 17.940 15.986 17.556 15.683 17.299 15.925 12.195 10.351  6.876  6.175  5.396  8.400 10.144 10.530 10.279  9.717 13.076 14.049 16.534 14.719 13.475 10.703 13.803 14.640 11.695 12.483  9.303 10.809 11.078  9.557  6.482  3.817  0.000  3.831  6.625 10.042 13.181 16.179 19.547 22.497 25.242 27.888
 17.376 14.775 11.020  8.600  5.769  4.923  6.136  6.955 10.372 10.615 10.729  9.178 10.264 12.033 13.149 15.977 15.767 18.029 17.252 19.188 17.104 15.852 12.476 14.704 15.654 12.146 11.948 15.449 14.596 12.214 15.305 17.595 15.869 14.993 17.010 14.577 16.184 14.704 15.748 13.700 10.282  8.291  5.785  5.041  6.203  8.886  9.204 10.018  9.474 10.105 13.481 14.643 17.719 16.461 15.965 13.734 16.986 17.248 14.193 15.582 12.767 14.530 14.832 12.972  9.958  6.594  3.831  0.000  3.826  6.641 10.105 13.078 16.411 19.529 22.191 24.805
 18.726 16.160 12.523 10.116  6.431  5.763  4.674  6.039  9.654  9.467  9.917  9.329  9.813 12.322 13.154 16.279 16.129 18.719 18.432 19.814 17.133 15.472 11.845 13.120 14.285 11.028  9.711 13.129 12.768  9.832 12.366 15.105 13.680 12.258 13.776 11.024 12.562 11.413 12.408 10.108  6.825  5.788  4.789  6.327  8.969 12.021 11.600 11.648  9.898 10.380 13.029 13.508 16.983 16.550 16.473 14.940 18.548 18.649 16.074 17.943 15.212 17.175 17.214 15.488 12.921  9.648  6.625  3.826  0.000  3.817  6.610  9.856 13.085 16.161 18.991 21.649
 22.482 19.953 16.322 13.836 10.132  8.697  6.230  5.562  9.045  9.855 11.530 12.027 12.910 15.815 16.716 19.893 19.656 22.165 21.756 22.818 20.056 17.898 14.112 14.824 16.612 13.828 11.699 15.016 15.333 12.112 13.769 16.974 15.823 13.659 14.478 11.196 12.243 11.488 11.380  8.357  6.189  5.126  6.449  7.699 11.040 13.565 12.059 12.130 10.172 11.635 13.908 14.624 18.351 18.381 18.981 17.893 21.444 21.021 18.435 20.723 18.355 20.602 20.893 19.165 16.422 13.056 10.042  6.641  3.817  0.000  3.822  6.573  9.865 13.083 15.745 18.404
 24.437 21.963 18.550 16.147 12.347 11.188  7.983  7.735 10.283 10.577 12.393 13.629 14.033 17.224 17.916 21.158 21.036 23.727 23.730 24.386 21.258 18.927 15.253 14.999 16.819 14.544 11.605 14.326 15.136 11.716 12.324 15.782 15.036 12.333 12.315  8.799  9.537  9.644  9.144  5.534  5.021  6.161  8.808 10.976 14.500 17.208 15.574 15.216 12.690 13.807 15.263 15.267 19.080 19.825 20.673 20.085 23.773 23.321 21.140 23.615 21.266 23.527 23.581 21.912 19.496 16.187 13.181 10.105  6.610  3.822  0.000  3.827  6.615  9.833 12.762 15.452
 27.563 25.322 21.864 19.684 15.896 14.817 11.681 10.800 13.097 13.928 16.061 17.415 17.771 20.875 21.297 24.360 23.894 26.323 26.110 26.372 23.277 20.500 16.877 16.216 18.610 16.913 13.679 16.239 17.745 14.600 14.542 18.219 18.027 15.261 14.461 10.784 10.327 10.365  8.437  4.957  6.464  7.306 10.813 12.777 16.526 18.964 16.741 16.016 13.291 14.804 15.655 15.806 19.580 20.753 22.225 22.134 25.696 24.739 22.725 25.587 23.656 26.263 26.661 25.241 22.615 19.422 16.179 13.078  9.856  6.573  3.827  0.000  3.828  6.764  9.479 12.334
 30.500 28.188 24.871 22.581 18.799 17.566 14.117 13.156 14.661 15.398 17.743 19.646 19.995 23.292 23.795 26.931 26.671 29.240 29.276 29.399 26.148 23.381 19.908 18.775 21.038 19.615 16.131 18.125 19.765 16.579 15.836 19.391 19.343 16.236 14.902 11.565 10.905 11.917  9.692  6.585  9.307 10.844 14.361 16.417 20.144 22.535 20.219 19.565 16.845 18.298 18.830 18.655 22.335 23.854 25.402 25.476 29.075 28.140 26.262 29.139 27.163 29.691 29.905 28.369 25.917 22.642 19.547 16.411 13.085  9.865  6.615  3.828  0.000  3.836  6.716  9.417
 32.941 30.834 27.597 25.529 21.777 20.806 17.409 16.592 18.036 18.659 20.888 22.790 22.864 26.060 26.280 29.250 28.812 31.245 31.319 31.084 27.793 24.840 21.588 20.000 22.422 21.520 17.879 19.469 21.549 18.658 17.344 20.865 21.309 18.288 16.349 13.235 11.813 12.939 10.203  8.162 11.500 13.208 16.882 19.083 22.849 25.254 22.828 21.825 18.916 20.222 20.179 19.769 23.238 25.178 27.038 27.524 31.051 29.910 28.327 31.394 29.633 32.307 32.611 31.284 28.856 25.716 22.497 19.529 16.161 13.083  9.833  6.764  3.836  0.000  3.844  6.770
 35.943 33.871 30.585 28.516 24.760 23.665 20.270 19.122 20.397 21.329 23.758 25.746 25.956 29.166 29.392 32.340 31.808 34.133 34.076 33.734 30.522 27.435 24.232 22.619 25.213 24.459 20.834 22.399 24.620 21.801 20.402 23.904 24.438 21.396 19.351 16.348 14.746 15.775 12.762 11.151 14.456 15.818 19.524 21.457 25.206 27.360 24.674 23.681 20.915 22.464 22.266 22.043 25.382 27.414 29.513 30.134 33.560 32.188 30.623 33.807 32.229 35.015 35.476 34.178 31.630 28.486 25.242 22.191 18.991 15.745 12.762  9.479  6.716  3.844  0.000  3.810
 38.508 36.412 33.171 31.053 27.323 26.131 22.686 21.438 22.413 23.390 25.903 28.062 28.332 31.587 31.869 34.827 34.363 36.709 36.706 36.317 33.093 30.017 26.891 25.184 27.723 27.060 23.433 24.816 27.038 24.249 22.695 26.056 26.615 23.520 21.379 18.641 17.071 18.299 15.378 13.965 17.252 18.638 22.287 24.155 27.864 29.930 27.184 26.268 23.586 25.170 24.901 24.640 27.880 29.997 32.136 32.807 36.210 34.814 33.282 36.468 34.905 37.669 38.094 36.746 34.234 31.059 27.888 24.805 21.649 18.404 15.452 12.334  9.417  6.770  3.810  0.000
