  0.000  3.832  6.641 10.243 13.212 16.657 19.739 23.057 24.605 22.450 19.793 16.148 13.881 10.395  8.313  5.510  5.440  5.803  7.620 10.753 10.685 13.704 14.508 16.783 14.125 12.404 16.032 16.579 13.879 15.749 18.916 18.019 17.169 19.893 22.317 22.438 23.572 21.495 24.622 25.063 21.666 21.193 18.003 18.797 17.069 19.323 22.393 21.858 21.308 18.552 20.109 19.221 19.372 17.267 13.658 10.988 11.982 15.581 15.312 13.445 10.703  8.599  5.754  7.649 10.076 12.594 13.881 17.428 18.794 22.494 24.518 27.399 30.363 31.332 33.399 34.769
  3.832  0.000  3.827  6.832 10.128 13.337 16.522 19.845 21.161 18.871 16.155 12.466 10.450  6.932  5.860  4.770  6.356  8.439 10.035 13.203 12.294 14.607 14.434 16.693 14.284 11.700 14.883 15.799 12.723 13.781 17.262 16.514 14.968 17.362 20.190 20.321 21.963 20.244 23.379 23.280 19.820 19.467 16.280 17.020 15.498 17.833 20.750 20.660 20.156 17.867 19.907 19.177 20.068 18.141 14.903 11.905 13.729 16.942 15.888 14.391 10.973  9.047  5.671  5.399  8.010  9.812 11.488 14.795 16.224 20.004 22.100 25.251 28.081 28.991 31.009 32.338
  6.641  3.827  0.000  3.821  6.748 10.091 13.303 16.521 18.207 16.175 13.864 10.241  8.536  6.039  5.351  6.260  6.859  9.329 10.052 13.059 11.642 13.017 11.976 14.504 12.794  9.590 12.413 14.120 11.433 11.709 15.427 15.491 13.862 15.595 18.374 17.911 19.520 17.647 20.507 20.174 16.571 15.930 12.637 13.267 11.930 14.507 17.193 17.131 16.585 14.567 16.930 16.530 17.936 16.042 13.281 10.138 12.682 15.294 13.653 12.819  9.092  8.259  5.999  4.896  5.556  6.511  7.707 11.036 12.586 16.362 18.667 21.796 24.736 25.731 27.729 29.074
 10.243  6.832  3.821  0.000  3.822  6.556  9.962 13.138 14.599 12.458 10.241  6.617  5.781  4.719  6.188  8.769 10.028 12.912 13.565 16.351 14.498 15.157 13.246 15.504 14.288 10.604 12.409 14.505 11.808 10.855 14.677 15.099 12.782 13.754 16.882 16.297 18.448 17.062 19.741 18.727 15.166 14.658 11.587 12.083 11.251 13.791 16.038 16.533 16.044 14.784 17.542 17.366 19.462 17.876 15.698 12.678 15.584 17.664 15.454 15.098 11.301 10.888  8.955  6.379  6.046  4.682  6.127  8.614 10.213 13.969 16.364 19.769 22.507 23.424 25.330 26.616
 13.212 10.128  6.748  3.822  0.000  3.824  6.618  9.961 11.777 10.148  8.442  5.711  5.071  6.390  7.556 10.802 11.583 14.638 15.130 17.311 14.894 14.634 11.957 13.795 13.280  9.442 10.129 12.723 10.640  8.655 12.334 13.564 11.344 11.423 14.298 13.165 15.344 14.104 16.518 15.164 11.647 11.311  8.667  9.682 10.007 13.000 14.429 14.755 13.758 12.911 15.635 15.452 18.127 17.063 15.626 13.156 16.562 17.943 15.590 16.147 12.594 13.235 12.071  9.875  8.401  5.623  4.746  5.802  6.553 10.292 12.573 16.022 18.732 19.698 21.676 23.059
 16.657 13.337 10.091  6.556  3.824  0.000  3.834  6.699  8.408  6.809  6.059  4.575  6.314  8.848 10.938 14.364 15.377 18.404 18.697 20.913 18.523 17.912 14.860 16.532 16.512 12.737 12.601 15.360 13.565 10.801 14.044 15.606 12.979 12.039 14.999 13.628 16.210 15.507 17.389 15.266 12.051 11.636  9.574  9.909 10.641 13.041 13.853 14.922 14.282 14.432 17.437 17.687 20.738 19.783 18.769 16.315 19.649 20.676 17.912 18.622 15.199 15.883 14.896 12.157 10.356  6.739  6.128  4.959  5.848  8.912 11.418 15.034 17.435 18.280 20.013 21.245
 19.739 16.522 13.303  9.962  6.618  3.834  0.000  3.838  5.637  5.331  5.691  6.482  7.956 11.312 13.154 16.781 17.720 20.882 21.292 23.055 20.288 19.158 15.798 16.771 17.196 13.708 12.486 15.167 13.953 10.515 12.985 15.059 12.572 10.589 13.108 11.390 14.148 14.068 15.537 12.854 10.219 10.456  9.661 10.579 12.436 14.915 14.814 15.690 14.536 15.140 17.786 17.865 21.279 20.922 20.472 18.550 22.102 22.718 20.056 21.312 18.110 19.221 18.402 15.840 13.945 10.309  8.803  6.226  4.968  6.710  8.502 12.199 14.208 14.966 16.735 18.067
 23.057 19.845 16.521 13.138  9.961  6.699  3.838  0.000  3.851  5.556  7.758  9.430 11.534 14.861 16.811 20.386 21.171 24.171 24.253 25.981 23.319 21.854 18.291 19.260 20.186 16.841 15.282 18.135 17.342 13.791 15.799 18.187 15.830 13.342 15.406 13.313 15.857 15.976 16.684 13.543 11.464 11.314 11.144 11.331 13.425 15.265 14.424 15.763 14.958 16.403 19.135 19.688 23.271 22.957 22.916 21.071 24.513 24.730 21.809 23.273 20.329 21.646 21.180 18.538 16.277 12.508 10.990  7.628  6.648  6.490  8.290 11.547 13.173 13.826 15.197 16.342
 24.605 21.161 18.207 14.599 11.777  8.408  5.637  3.851  0.000  3.840  6.529  9.418 11.863 15.439 17.865 21.581 22.906 26.168 26.646 28.478 25.694 24.495 21.064 21.765 22.316 18.976 17.372 19.738 18.604 14.954 16.689 18.626 15.866 13.135 15.409 14.010 17.070 17.884 18.799 15.492 13.891 14.408 14.405 14.833 16.743 18.503 17.829 19.316 18.509 19.807 22.436 22.684 26.255 26.065 25.820 23.896 27.375 27.870 25.016 26.251 23.099 24.027 23.097 20.135 18.391 14.660 13.745 10.779  9.734  9.644 10.493 13.639 14.512 14.812 15.993 16.977
 22.450 18.871 16.175 12.458 10.148  6.809  5.331  5.556  3.840  0.000  3.812  6.765  9.637 13.058 15.848 19.535 21.188 24.520 25.185 27.281 24.614 23.845 20.638 21.575 21.657 18.135 17.058 19.280 17.603 14.186 16.384 17.833 14.712 12.520 15.388 14.477 17.769 18.413 19.854 16.837 14.787 15.275 14.601 15.012 16.384 18.204 18.154 19.718 19.064 19.952 22.738 22.861 26.247 25.796 25.113 22.894 26.293 27.181 24.358 25.196 21.822 22.329 21.041 17.880 16.542 12.939 12.672 10.376  9.929 10.926 12.152 15.604 16.743 17.062 18.322 19.265
 19.793 16.155 13.864 10.241  8.442  6.059  5.691  7.758  6.529  3.812  0.000  3.834  6.470  9.887 12.897 16.582 18.630 22.127 23.212 25.381 22.681 22.366 19.502 20.387 19.874 16.338 15.695 17.491 15.267 12.168 14.651 15.472 12.048 10.519 13.913 13.672 17.157 17.764 19.838 17.239 14.923 15.744 14.665 15.547 16.613 18.825 19.364 20.609 19.744 19.960 22.613 22.308 25.452 24.961 23.851 21.551 24.947 26.270 23.724 24.264 20.674 20.810 19.036 15.870 15.172 11.922 12.049 10.690 10.250 12.205 13.346 17.022 18.383 18.760 20.321 21.417
 16.148 12.466 10.241  6.617  5.711  4.575  6.482  9.430  9.418  6.765  3.834  0.000  3.825  6.577  9.799 13.337 15.418 18.813 19.879 22.300 19.861 19.954 17.399 18.738 17.864 14.176 14.373 16.238 13.603 11.130 14.313 14.831 11.499 11.074 14.669 14.447 17.607 17.528 19.966 17.904 15.008 15.399 13.511 14.268 14.664 16.980 18.185 19.289 18.590 18.304 21.067 20.772 23.588 22.711 21.176 18.592 21.820 23.468 21.011 21.178 17.474 17.299 15.331 12.167 11.765  8.881  9.617  9.428  9.829 12.747 14.484 18.218 20.153 20.739 22.461 23.629
 13.881 10.450  8.536  5.781  5.071  6.314  7.956 11.534 11.863  9.637  6.470  3.825  0.000  3.842  6.490 10.200 12.414 16.036 17.598 19.723 17.037 17.376 15.192 16.179 14.794 11.303 11.773 13.087 10.103  8.119 11.451 11.504  8.317  8.847 12.429 12.636 15.598 15.403 18.336 16.841 13.941 14.804 12.944 14.512 15.049 17.923 19.306 19.723 18.488 17.489 19.772 18.875 21.435 20.800 19.072 16.797 20.134 21.997 20.056 20.281 16.583 16.461 14.269 11.722 11.773  9.568  9.756 10.328 10.060 13.297 14.574 18.195 20.252 20.901 22.902 24.261
 10.395  6.932  6.039  4.719  6.390  8.848 11.312 14.861 15.439 13.058  9.887  6.577  3.842  0.000  3.818  6.996  9.738 13.264 15.136 17.566 15.286 16.421 14.962 16.309 14.268 10.980 12.615 13.546 10.093  9.530 13.023 12.366  9.651 11.414 14.792 15.271 17.802 17.117 20.319 19.394 16.278 16.824 14.410 15.800 15.578 18.367 20.382 20.637 19.604 18.041 20.235 19.235 21.223 20.202 17.860 15.330 18.287 20.699 19.080 18.707 14.968 14.194 11.459  9.208 10.299  9.348 10.329 12.136 12.545 16.118 17.653 21.147 23.456 24.169 26.193 27.539
  8.313  5.860  5.351  6.188  7.556 10.938 13.154 16.811 17.865 15.848 12.897  9.799  6.490  3.818  0.000  3.813  6.251  9.971 12.250 14.275 11.825 13.267 12.395 13.568 11.042  8.183 10.530 10.995  7.508  8.287 11.653 10.813  9.179 11.685 14.411 14.840 16.690 15.521 18.935 18.714 15.616 16.220 13.818 15.682 15.509 18.629 20.712 20.305 18.891 16.683 18.334 16.888 18.435 17.545 15.022 12.905 15.858 18.377 17.357 17.117 13.635 13.168 10.674  9.698 10.736 10.541 10.747 13.043 13.116 16.694 18.012 21.184 23.691 24.514 26.697 28.170
  5.510  4.770  6.260  8.769 10.802 14.364 16.781 20.386 21.581 19.535 16.582 13.337 10.200  6.996  3.813  0.000  3.828  7.138 10.102 12.129 10.267 12.702 12.927 14.212 11.127  9.215 12.352 12.264  9.030 11.042 13.981 12.688 11.845 14.840 17.177 17.748 19.106 17.583 21.048 21.375 18.304 18.709 16.132 17.873 17.225 20.193 22.636 21.950 20.632 17.942 19.234 17.623 18.402 17.266 14.209 12.218 14.519 17.529 17.150 16.410 13.276 12.332  9.661  9.891 11.643 12.600 13.064 15.910 16.254 19.844 21.210 24.167 26.803 27.658 29.855 31.327
  5.440  6.356  6.859 10.028 11.583 15.377 17.720 21.171 22.906 21.188 18.630 15.418 12.414  9.738  6.251  3.828  0.000  3.824  6.699  8.380  6.566  9.312 10.181 11.778  8.807  7.518 11.210 11.377  9.090 11.538 14.296 13.647 13.615 16.355 18.150 18.130 18.778 16.581 19.809 20.649 17.529 17.524 14.873 16.609 15.866 18.883 21.316 20.119 18.691 15.593 16.491 14.868 15.145 13.828 10.610  8.966 11.163 14.109 14.217 13.698 11.054 10.794  9.154 10.546 11.506 12.858 12.655 15.736 16.112 19.553 21.009 23.594 26.492 27.492 29.719 31.246
  5.803  8.439  9.329 12.912 14.638 18.404 20.882 24.171 26.168 24.520 22.127 18.813 16.036 13.264  9.971  7.138  3.824  0.000  3.878  5.442  5.388  8.971 10.963 12.860 10.167  9.852 13.651 13.827 12.232 14.896 17.409 16.885 17.245 19.968 21.504 21.274 21.465 18.862 21.814 23.064 19.961 19.533 16.768 18.147 16.956 19.631 22.277 20.798 19.598 16.215 16.751 15.320 14.693 12.913  9.272  7.979  8.938 12.237 13.150 12.200 10.440 10.129  9.286 11.869 12.793 14.898 14.743 18.086 18.769 22.094 23.708 26.016 29.080 30.154 32.339 33.843
  7.620 10.035 10.052 13.565 15.130 18.697 21.292 24.253 26.646 25.185 23.212 19.879 17.598 15.136 12.250 10.102  6.699  3.878  0.000  3.840  5.541  8.322 10.270 12.968 11.278 10.835 14.506 15.477 14.440 16.601 19.262 19.399 19.699 21.967 23.461 22.647 22.596 19.566 22.038 23.318 20.064 18.934 15.929 16.695 15.046 17.327 20.079 18.456 17.650 14.275 14.914 14.225 13.309 10.724  6.907  5.194  5.166  8.696  9.773  8.615  7.617  7.964  8.621 11.768 11.872 14.318 13.997 17.460 18.593 21.754 23.743 25.828 29.121 30.317 32.401 33.857
 10.753 13.203 13.059 16.351 17.311 20.913 23.055 25.981 28.478 27.281 25.381 22.300 19.723 17.566 14.275 12.129  8.380  5.442  3.840  0.000  3.837  6.534  9.642 11.621 10.091 10.956 14.309 14.807 14.582 17.147 19.181 19.422 20.442 22.717 23.616 22.725 22.058 18.837 21.130 22.986 20.111 19.183 16.712 17.944 16.852 19.330 21.646 19.448 18.127 14.448 14.082 12.843 11.081  9.020  5.539  6.243  6.008  8.408 10.668 10.506 10.376 11.508 12.403 15.398 15.219 17.240 16.247 19.344 19.908 22.717 24.284 25.942 29.177 30.388 32.525 34.052
 10.685 12.294 11.642 14.498 14.894 18.523 20.288 23.319 25.694 24.614 22.681 19.861 17.037 15.286 11.825 10.267  6.566  5.388  5.541  3.837  0.000  3.840  6.830  8.287  6.316  7.387 10.671 10.991 10.930 13.551 15.402 15.755 16.957 19.145 19.865 19.011 18.338 15.238 17.775 19.610 16.848 16.396 14.247 16.141 15.750 18.772 20.724 18.493 16.606 12.910 12.463 10.518  9.502  8.363  5.386  6.286  8.111  9.945 11.428 12.063 11.008 12.465 12.801 15.040 14.676 15.946 14.479 17.215 17.200 19.945 21.164 22.867 25.970 27.144 29.379 30.986
 13.704 14.607 13.017 15.157 14.634 17.912 19.158 21.854 24.495 23.845 22.366 19.954 17.376 16.421 13.267 12.702  9.312  8.971  8.322  6.534  3.840  0.000  3.832  5.231  5.119  6.557  8.830  9.828 10.896 12.854 14.344 15.576 17.011 18.540 18.815 17.332 16.150 12.670 14.692 16.759 14.184 13.533 11.867 14.001 14.253 17.416 18.769 16.124 13.774 10.034  8.949  6.728  5.909  5.426  4.108  6.359  8.866  9.220 10.462 12.294 11.527 13.939 14.839 16.650 15.444 16.032 13.744 15.868 15.435 17.659 18.694 19.962 23.120 24.392 26.622 28.280
 14.508 14.434 11.976 13.246 11.957 14.860 15.798 18.291 21.064 20.638 19.502 17.399 15.192 14.962 12.395 12.927 10.181 10.963 10.270  9.642  6.830  3.832  0.000  3.846  5.381  4.980  6.324  8.682  9.877 10.712 12.463 14.425 15.421 16.289 16.676 14.684 13.721 10.156 12.006 13.567 10.686  9.777  8.100 10.529 11.392 14.834 15.781 13.240 10.583  7.077  6.682  4.800  6.337  6.063  5.918  6.833 10.256 10.148 10.041 12.419 11.076 13.856 14.761 15.796 13.972 13.746 10.886 12.468 11.793 13.869 15.026 16.393 19.663 21.019 23.266 24.957
 16.783 16.693 14.504 15.504 13.795 16.532 16.771 19.260 21.765 21.575 20.387 18.738 16.179 16.309 13.568 14.212 11.778 12.860 12.968 11.621  8.287  5.231  3.846  0.000  3.848  5.426  5.062  6.277  8.799  9.900 10.465 12.578 14.399 15.184 14.749 12.861 11.172  7.581  9.627 11.918  9.871 10.154  9.820 12.979 14.585 18.126 18.606 15.950 12.761  9.661  8.196  4.756  6.364  8.098  8.686 10.370 13.542 13.323 13.675 16.138 14.839 17.418 17.929 18.794 17.251 16.669 13.671 14.625 12.993 14.529 14.710 15.666 18.573 19.835 22.213 24.027
 14.125 14.284 12.794 14.288 13.280 16.512 17.196 20.186 22.316 21.657 19.874 17.864 14.794 14.268 11.042 11.127  8.807 10.167 11.278 10.091  6.316  5.119  5.381  3.848  0.000  3.860  5.380  4.924  6.348  8.784  9.663 10.637 12.539 14.232 14.197 13.251 12.231  9.355 12.298 14.257 12.052 12.783 11.834 14.925 15.989 19.594 20.653 18.372 15.544 12.290 11.454  8.315  9.001  9.975  9.077 10.208 13.289 14.113 14.701 16.363 14.642 16.498 16.332 17.310 16.533 16.360 14.015 15.576 14.204 16.413 16.679 18.206 20.945 22.049 24.460 26.228
 12.404 11.700  9.590 10.604  9.442 12.737 13.708 16.841 18.976 18.135 16.338 14.176 11.303 10.980  8.183  9.215  7.518  9.852 10.835 10.956  7.387  6.557  4.980  5.426  3.860  0.000  3.849  5.406  5.130  6.468  8.753 10.003 10.738 12.189 13.032 11.913 11.887  9.247 12.345 13.317 10.387 10.844  9.208 12.174 13.133 16.818 18.027 16.263 13.743 10.853 11.242  9.019 10.730 10.794  9.512  9.232 12.841 13.952 13.568 15.008 12.595 14.291 13.873 14.233 13.270 12.715 10.433 12.067 10.964 13.677 14.472 16.617 19.511 20.649 23.038 24.761
 16.032 14.883 12.413 12.409 10.129 12.601 12.486 15.282 17.372 17.058 15.695 14.373 11.773 12.615 10.530 12.352 11.210 13.651 14.506 14.309 10.671  8.830  6.324  5.062  5.380  3.849  0.000  3.841  5.401  5.044  6.246  8.792  9.878 10.297 10.373  8.597  8.180  5.513  8.760  9.645  7.100  8.525  8.228 11.852 13.859 17.622 18.059 16.222 13.174 10.908 10.966  8.507 11.138 12.161 11.996 12.197 15.902 16.334 15.710 17.740 15.444 17.479 17.186 17.052 15.680 14.284 11.407 11.818  9.585 11.496 11.485 13.357 16.053 17.217 19.736 21.597
 16.579 15.799 14.120 14.505 12.723 15.360 15.167 18.135 19.738 19.280 17.491 16.238 13.087 13.546 10.995 12.264 11.377 13.827 15.477 14.807 10.991  9.828  8.682  6.277  4.924  5.406  3.841  0.000  3.844  5.413  4.906  6.371  8.762 10.012  9.410  8.831  8.101  6.392 10.058 11.493  9.927 12.038 12.050 15.666 17.511 21.273 21.857 19.956 16.855 14.366 13.853 10.729 12.542 14.068 13.632 14.260 17.694 18.467 18.441 20.210 17.963 19.617 18.896 18.965 18.240 17.163 14.710 15.333 13.013 14.822 14.207 15.876 18.069 19.004 21.544 23.402
 13.879 12.723 11.433 11.808 10.640 13.565 13.953 17.342 18.604 17.603 15.267 13.603 10.103 10.093  7.508  9.030  9.090 12.232 14.440 14.582 10.930 10.896  9.877  8.799  6.348  5.130  5.401  3.844  0.000  3.854  5.336  5.099  6.285  8.604  9.380  9.698 10.420  9.361 13.116 13.740 11.591 13.453 12.628 15.888 17.199 20.896 21.965 20.579 17.949 15.505 15.795 13.147 14.897 15.597 14.290 13.998 17.425 18.902 18.581 19.699 16.945 17.925 16.557 16.296 16.144 15.197 13.456 14.527 12.727 15.263 15.172 17.555 19.760 20.603 23.072 24.818
 15.749 13.781 11.709 10.855  8.655 10.801 10.515 13.791 14.954 14.186 12.168 11.130  8.119  9.530  8.287 11.042 11.538 14.896 16.601 17.147 13.551 12.854 10.712  9.900  8.784  6.468  5.044  5.413  3.854  0.000  3.849  5.430  5.061  5.744  7.072  6.756  8.493  8.066 11.588 11.221  8.979 11.182 10.739 14.030 15.846 19.505 20.151 19.132 16.524 14.802 15.610 13.485 16.058 16.740 15.888 15.235 18.947 20.077 19.083 20.458 17.483 18.656 17.388 16.399 15.731 13.913 11.894 12.069  9.743 12.057 11.811 14.526 16.608 17.453 19.943 21.719
 18.916 17.262 15.427 14.677 12.334 14.044 12.985 15.799 16.689 16.384 14.651 14.313 11.451 13.023 11.653 13.981 14.296 17.409 19.262 19.181 15.402 14.344 12.463 10.465  9.663  8.753  6.246  4.906  5.336  3.849  0.000  3.841  5.567  5.573  4.562  4.794  5.841  6.618 10.162 10.201  9.259 12.343 12.959 16.564 18.848 22.542 22.783 21.462 18.448 16.785 16.878 14.244 16.744 18.211 17.863 17.902 21.560 22.389 21.748 23.454 20.753 22.145 20.985 20.177 19.500 17.641 15.364 15.095 12.174 13.573 12.252 14.290 15.803 16.510 19.091 20.965
 18.019 16.514 15.491 15.099 13.564 15.606 15.059 18.187 18.626 17.833 15.472 14.831 11.504 12.366 10.813 12.688 13.647 16.885 19.399 19.422 15.755 15.576 14.425 12.578 10.637 10.003  8.792  6.371  5.099  5.430  3.841  0.000  3.846  6.046  5.832  7.978  9.317 10.193 13.810 14.003 12.971 15.836 15.919 19.356 21.167 24.843 25.519 24.336 21.521 19.551 19.694 16.879 18.869 20.132 19.185 19.050 22.496 23.872 23.479 24.699 21.836 22.665 20.966 20.201 20.247 18.791 17.147 17.424 14.956 16.829 15.756 18.000 19.356 19.882 22.338 24.076
 17.169 14.968 13.862 12.782 11.344 12.979 12.572 15.830 15.866 14.712 12.048 11.499  8.317  9.651  9.179 11.845 13.615 17.245 19.699 20.442 16.957 17.011 15.421 14.399 12.539 10.738  9.878  8.762  6.285  5.061  5.567  3.846  0.000  3.832  6.080  8.296 10.927 11.928 15.408 14.734 13.213 15.810 15.473 18.515 20.113 23.610 24.417 23.783 21.368 19.767 20.625 18.347 20.667 21.390 20.160 19.308 22.829 24.433 23.520 24.434 21.201 21.670 19.641 18.249 18.440 16.682 15.533 15.684 13.530 15.716 15.066 17.901 19.258 19.731 22.077 23.711
 19.893 17.362 15.595 13.754 11.423 12.039 10.589 13.342 13.135 12.520 10.519 11.074  8.847 11.414 11.685 14.840 16.355 19.968 21.967 22.717 19.145 18.540 16.289 15.184 14.232 12.189 10.297 10.012  8.604  5.744  5.573  6.046  3.832  0.000  3.853  5.702  9.186 10.969 13.896 12.446 11.386 14.312 14.634 17.647 19.774 23.172 23.442 22.986 20.510 19.524 20.515 18.544 21.380 22.291 21.584 20.760 24.477 25.642 24.361 25.647 22.437 23.265 21.551 19.809 19.414 17.002 15.467 14.687 11.982 13.450 12.285 15.102 16.071 16.471 18.816 20.494
 22.317 20.190 18.374 16.882 14.298 14.999 13.108 15.406 15.409 15.388 13.913 14.669 12.429 14.792 14.411 17.177 18.150 21.504 23.461 23.616 19.865 18.815 16.676 14.749 14.197 13.032 10.373  9.410  9.380  7.072  4.562  5.832  6.080  3.853  0.000  3.824  6.567  9.298 11.959 10.925 10.956 14.454 15.597 18.984 21.540 25.059 24.966 24.069 21.163 20.127 20.470 18.119 20.900 22.440 22.224 22.041 25.769 26.574 25.618 27.311 24.409 25.633 24.223 22.852 22.231 19.876 17.822 16.831 13.617 14.346 12.307 14.321 14.870 15.223 17.688 19.496
 22.438 20.321 17.911 16.297 13.165 13.628 11.390 13.313 14.010 14.477 13.672 14.447 12.636 15.271 14.840 17.748 18.130 21.274 22.647 22.725 19.011 17.332 14.684 12.861 13.251 11.913  8.597  8.831  9.698  6.756  4.794  7.978  8.296  5.702  3.824  0.000  3.898  6.500  8.673  7.195  7.352 10.986 12.650 16.069 18.990 22.460 21.990 20.947 17.917 17.201 17.530 15.500 18.637 20.230 20.498 20.443 24.239 24.574 23.426 25.496 22.815 24.506 23.616 22.331 21.094 18.521 15.930 14.501 10.957 11.126  8.828 10.652 11.559 12.245 14.937 16.949
 23.572 21.963 19.520 18.448 15.344 16.210 14.148 15.857 17.070 17.769 17.157 17.607 15.598 17.802 16.690 19.106 18.778 21.465 22.596 22.058 18.338 16.150 13.721 11.172 12.231 11.887  8.180  8.101 10.420  8.493  5.841  9.317 10.927  9.186  6.567  3.898  0.000  3.893  5.627  5.646  6.904 10.573 12.829 16.474 19.583 23.108 22.422 20.784 17.369 16.420 15.934 13.541 16.492 18.676 19.494 20.142 23.810 23.716 22.984 25.441 23.214 25.324 24.860 24.095 22.635 20.350 17.336 16.069 12.485 12.225  9.675 10.318 11.349 12.180 14.917 17.025
 21.495 20.244 17.647 17.062 14.104 15.507 14.068 15.976 17.884 18.413 17.764 17.528 15.403 17.117 15.521 17.583 16.581 18.862 19.566 18.837 15.238 12.670 10.156  7.581  9.355  9.247  5.513  6.392  9.361  8.066  6.618 10.193 11.928 10.969  9.298  6.500  3.893  0.000  3.843  5.498  5.322  8.244 10.225 13.968 16.927 20.504 19.967 17.923 14.377 12.998 12.218  9.694 12.687 14.858 15.878 16.782 20.361 20.038 19.464 22.089 20.161 22.564 22.514 22.181 20.479 18.543 15.272 14.450 11.223 11.353  9.695 10.295 12.363 13.520 16.187 18.257
 24.622 23.379 20.507 19.741 16.518 17.389 15.537 16.684 18.799 19.854 19.838 19.966 18.336 20.319 18.935 21.048 19.809 21.814 22.038 21.130 17.775 14.692 12.006  9.627 12.298 12.345  8.760 10.058 13.116 11.588 10.162 13.810 15.408 13.896 11.959  8.673  5.627  3.843  0.000  3.841  5.546  7.910 10.939 14.306 17.656 20.938 19.756 17.517 13.837 13.146 11.976 10.051 13.184 15.655 17.453 18.647 22.070 21.115 20.445 23.489 21.943 24.723 25.107 24.785 22.652 20.531 16.976 15.599 12.298 11.288  9.159  8.345 10.261 11.561 14.154 16.317
 25.063 23.280 20.174 18.727 15.164 15.266 12.854 13.543 15.492 16.837 17.239 17.904 16.841 19.394 18.714 21.375 20.649 23.064 23.318 22.986 19.610 16.759 13.567 11.918 14.257 13.317  9.645 11.493 13.740 11.221 10.201 14.003 14.734 12.446 10.925  7.195  5.646  5.498  3.841  0.000  3.835  6.797 10.176 13.283 16.886 20.019 18.582 16.963 13.587 13.688 13.500 12.302 15.842 17.742 19.254 19.780 23.390 22.598 21.322 24.212 22.300 24.908 25.106 24.229 21.976 19.341 15.885 13.803 10.195  8.509  5.688  5.112  7.059  8.653 11.535 13.861
 21.666 19.820 16.571 15.166 11.647 12.051 10.219 11.464 13.891 14.787 14.923 15.008 13.941 16.278 15.616 18.304 17.529 19.961 20.064 20.111 16.848 14.184 10.686  9.871 12.052 10.387  7.100  9.927 11.591  8.979  9.259 12.971 13.213 11.386 10.956  7.352  6.904  5.322  5.546  3.835  0.000  3.820  6.575  9.924 13.363 16.675 15.659 14.147 10.894 10.725 11.249 10.334 14.057 15.298 16.391 16.455 20.141 19.588 18.056 20.745 18.650 21.184 21.398 20.512 18.190 15.621 12.125 10.300  6.829  6.142  4.965  6.337  9.332 10.904 13.554 15.647
 21.193 19.467 15.930 14.658 11.311 11.636 10.456 11.314 14.408 15.275 15.744 15.399 14.804 16.824 16.220 18.709 17.524 19.533 18.934 19.183 16.396 13.533  9.777 10.154 12.783 10.844  8.525 12.038 13.453 11.182 12.343 15.836 15.810 14.312 14.454 10.986 10.573  8.244  7.910  6.797  3.820  0.000  3.829  6.612 10.234 13.342 12.106 10.412  7.177  7.593  8.797  9.139 12.934 13.510 14.839 14.684 18.168 17.216 15.294 18.176 16.391 19.255 20.039 19.316 16.480 14.028 10.289  8.428  5.900  5.184  6.132  7.207 10.804 12.509 14.742 16.591
 18.003 16.280 12.637 11.587  8.667  9.574  9.661 11.144 14.405 14.601 14.665 13.511 12.944 14.410 13.818 16.132 14.873 16.768 15.929 16.712 14.247 11.867  8.100  9.820 11.834  9.208  8.228 12.050 12.628 10.739 12.959 15.919 15.473 14.634 15.597 12.650 12.829 10.225 10.939 10.176  6.575  3.829  0.000  3.823  6.883 10.380 10.059  8.592  5.996  5.679  8.202  9.007 12.432 11.987 12.569 11.657 15.152 14.593 12.297 14.815 12.759 15.528 16.384 15.720 12.764 10.550  6.752  5.802  4.803  6.331  8.727 10.660 14.189 15.708 17.764 19.380
 18.797 17.020 13.267 12.083  9.682  9.909 10.579 11.331 14.833 15.012 15.547 14.268 14.512 15.800 15.682 17.873 16.609 18.147 16.695 17.944 16.141 14.001 10.529 12.979 14.925 12.174 11.852 15.666 15.888 14.030 16.564 19.356 18.515 17.647 18.984 16.069 16.474 13.968 14.306 13.283  9.924  6.612  3.823  0.000  3.824  6.814  6.314  5.489  4.515  5.783  9.322 11.346 14.363 13.112 13.626 12.127 15.107 14.307 11.273 13.619 11.815 14.642 16.018 15.232 11.739  9.550  6.121  5.053  6.281  7.489 10.783 12.568 16.056 17.552 19.222 20.557
 17.069 15.498 11.930 11.251 10.007 10.641 12.436 13.425 16.743 16.384 16.613 14.664 15.049 15.578 15.509 17.225 15.866 16.956 15.046 16.852 15.750 14.253 11.392 14.585 15.989 13.133 13.859 17.511 17.199 15.846 18.848 21.167 20.113 19.774 21.540 18.990 19.583 16.927 17.656 16.886 13.363 10.234  6.883  3.824  0.000  3.848  5.524  5.503  6.509  6.945 10.743 13.020 15.331 13.175 12.973 10.689 13.105 12.636  9.111 10.744  8.942 11.620 13.417 12.850  9.112  7.757  5.383  6.249  8.961 10.903 14.361 16.338 19.783 21.193 22.750 23.931
 19.323 17.833 14.507 13.791 13.000 13.041 14.915 15.265 18.503 18.204 18.825 16.980 17.923 18.367 18.629 20.193 18.883 19.631 17.327 19.330 18.772 17.416 14.834 18.126 19.594 16.818 17.622 21.273 20.896 19.505 22.542 24.843 23.610 23.172 25.059 22.460 23.108 20.504 20.938 20.019 16.675 13.342 10.380  6.814  3.848  0.000  3.849  5.592  8.413  9.674 13.316 16.106 18.122 15.648 15.527 13.134 14.745 14.014 10.233 11.366 10.293 12.633 14.864 14.271 10.486  9.559  8.375  8.907 11.999 13.444 17.064 18.818 22.141 23.532 24.806 25.773
 22.393 20.750 17.193 16.038 14.429 13.853 14.814 14.424 17.829 18.154 19.364 18.185 19.306 20.382 20.712 22.636 21.316 22.277 20.079 21.646 20.724 18.769 15.781 18.606 20.653 18.027 18.059 21.857 21.965 20.151 22.783 25.519 24.417 23.442 24.966 21.990 22.422 19.967 19.756 18.582 15.659 12.106 10.059  6.314  5.524  3.849  0.000  3.820  6.954  9.604 13.013 16.079 18.492 16.578 17.241 15.462 17.343 16.018 12.445 14.347 13.516 16.165 18.299 17.534 13.724 12.086 10.139  9.259 11.617 11.961 15.439 16.660 19.852 21.296 22.393 23.302
 21.858 20.660 17.131 16.533 14.755 14.922 15.690 15.763 19.316 19.718 20.609 19.289 19.723 20.637 20.305 21.950 20.119 20.798 18.456 19.448 18.493 16.124 13.240 15.950 18.372 16.263 16.222 19.956 20.579 19.132 21.462 24.336 23.783 22.986 24.069 20.947 20.784 17.923 17.517 16.963 14.147 10.412  8.592  5.489  5.503  5.592  3.820  0.000  3.826  6.475  9.543 12.875 15.126 13.371 14.578 13.472 15.382 13.514 10.327 13.039 12.684 15.935 18.329 18.179 14.439 13.163 10.501 10.025 11.587 11.853 14.904 15.674 19.080 20.652 21.959 23.064
 21.308 20.156 16.585 16.044 13.758 14.282 14.536 14.958 18.509 19.064 19.744 18.590 18.488 19.604 18.891 20.632 18.691 19.598 17.650 18.127 16.606 13.774 10.583 12.761 15.544 13.743 13.174 16.855 17.949 16.524 18.448 21.521 21.368 20.510 21.163 17.917 17.369 14.377 13.837 13.587 10.894  7.177  5.996  4.515  6.509  8.413  6.954  3.826  0.000  3.826  6.548  9.610 12.343 11.339 13.010 12.574 15.072 13.179 10.620 13.843 13.201 16.645 18.683 18.621 15.113 13.589 10.216  9.495  9.858  9.895 12.387 12.915 16.452 18.114 19.702 21.059
 18.552 17.867 14.567 14.784 12.911 14.432 15.140 16.403 19.807 19.952 19.960 18.304 17.489 18.041 16.683 17.942 15.593 16.215 14.275 14.448 12.910 10.034  7.077  9.661 12.290 10.853 10.908 14.366 15.505 14.802 16.785 19.551 19.767 19.524 20.127 17.201 16.420 12.998 13.146 13.688 10.725  7.593  5.679  5.783  6.945  9.674  9.604  6.475  3.826  0.000  3.837  6.611  9.040  7.761  9.289  9.208 11.894 10.159  8.180 11.578 10.960 14.543 16.548 17.050 13.910 13.035  9.675 10.146 10.362 11.374 13.535 14.363 17.958 19.554 21.402 22.889
 20.109 19.907 16.930 17.542 15.635 17.437 17.786 19.135 22.436 22.738 22.613 21.067 19.772 20.235 18.334 19.234 16.491 16.751 14.914 14.082 12.463  8.949  6.682  8.196 11.454 11.242 10.966 13.853 15.795 15.610 16.878 19.694 20.625 20.515 20.470 17.530 15.934 12.218 11.976 13.500 11.249  8.797  8.202  9.322 10.743 13.316 13.013  9.543  6.548  3.837  0.000  3.838  5.925  5.841  8.694 10.147 12.515 10.263  9.647 13.306 13.276 16.907 18.912 19.853 17.042 16.412 13.027 13.474 12.937 13.523 14.828 14.966 18.385 19.968 21.889 23.473
 19.221 19.177 16.530 17.366 15.452 17.687 17.865 19.688 22.684 22.861 22.308 20.772 18.875 19.235 16.888 17.623 14.868 15.320 14.225 12.843 10.518  6.728  4.800  4.756  8.315  9.019  8.507 10.729 13.147 13.485 14.244 16.879 18.347 18.544 18.119 15.500 13.541  9.694 10.051 12.302 10.334  9.139  9.007 11.346 13.020 16.106 16.079 12.875  9.610  6.611  3.838  0.000  3.853  5.687  8.166 10.275 12.993 11.465 11.629 14.884 14.421 17.704 19.132 20.146 17.864 17.261 13.910 14.525 13.303 14.148 14.751 15.001 18.197 19.660 21.814 23.544
 19.372 20.068 17.936 19.462 18.127 20.738 21.279 23.271 26.255 26.247 25.452 23.588 21.435 21.223 18.435 18.402 15.145 14.693 13.309 11.081  9.502  5.909  6.337  6.364  9.001 10.730 11.138 12.542 14.897 16.058 16.744 18.869 20.667 21.380 20.900 18.637 16.492 12.687 13.184 15.842 14.057 12.934 12.432 14.363 15.331 18.122 18.492 15.126 12.343  9.040  5.925  3.853  0.000  3.812  6.768 10.009 11.801 10.045 11.450 14.499 14.774 17.977 19.648 21.325 19.352 19.439 16.450 17.651 16.807 17.896 18.557 18.730 21.835 23.220 25.293 26.951
 17.267 18.141 16.042 17.876 17.063 19.783 20.922 22.957 26.065 25.796 24.961 22.711 20.800 20.202 17.545 17.266 13.828 12.913 10.724  9.020  8.363  5.426  6.063  8.098  9.975 10.794 12.161 14.068 15.597 16.740 18.211 20.132 21.390 22.291 22.440 20.230 18.676 14.858 15.655 17.742 15.298 13.510 11.987 13.112 13.175 15.648 16.578 13.371 11.339  7.761  5.841  5.687  3.812  0.000  3.834  6.931  8.292  6.283  7.810 10.783 11.445 14.748 16.843 18.806 16.754 17.343 14.731 16.500 16.486 18.050 19.441 20.063 23.422 24.854 26.851 28.407
 13.658 14.903 13.281 15.698 15.626 18.769 20.472 22.916 25.820 25.113 23.851 21.176 19.072 17.860 15.022 14.209 10.610  9.272  6.907  5.539  5.386  4.108  5.918  8.686  9.077  9.512 11.996 13.632 14.290 15.888 17.863 19.185 20.160 21.584 22.224 20.498 19.494 15.878 17.453 19.254 16.391 14.839 12.569 13.626 12.973 15.527 17.241 14.578 13.010  9.289  8.694  8.166  6.768  3.834  0.000  3.825  5.273  5.151  6.937  8.730  8.943 11.733 13.564 15.885 14.370 15.572 13.603 16.116 16.541 18.815 20.482 21.728 25.113 26.470 28.532 30.068
 10.988 11.905 10.138 12.678 13.156 16.315 18.550 21.071 23.896 22.894 21.551 18.592 16.797 15.330 12.905 12.218  8.966  7.979  5.194  6.243  6.286  6.359  6.833 10.370 10.208  9.232 12.197 14.260 13.998 15.235 17.902 19.050 19.308 20.760 22.041 20.443 20.142 16.782 18.647 19.780 16.455 14.684 11.657 12.127 10.689 13.134 15.462 13.472 12.574  9.208 10.147 10.275 10.009  6.931  3.825  0.000  3.854  5.489  5.477  6.198  5.321  8.047  9.953 12.221 10.675 12.257 10.873 13.920 15.055 17.812 19.997 21.779 25.232 26.566 28.579 30.036
 11.982 13.729 12.682 15.584 16.562 19.649 22.102 24.513 27.375 26.293 24.947 21.820 20.134 18.287 15.858 14.519 11.163  8.938  5.166  6.008  8.111  8.866 10.256 13.542 13.289 12.841 15.902 17.694 17.425 18.947 21.560 22.496 22.829 24.477 25.769 24.239 23.810 20.361 22.070 23.390 20.141 18.168 15.152 15.107 13.105 14.745 17.343 15.382 15.072 11.894 12.515 12.993 11.801  8.292  5.273  3.854  0.000  3.859  5.422  4.664  5.929  8.046 10.647 13.681 12.493 14.810 13.984 17.171 18.653 21.337 23.648 25.285 28.777 30.118 32.043 33.431
 15.581 16.942 15.294 17.664 17.943 20.676 22.718 24.730 27.870 27.181 26.270 23.468 21.997 20.699 18.377 17.529 14.109 12.237  8.696  8.408  9.945  9.220 10.148 13.323 14.113 13.952 16.334 18.467 18.902 20.077 22.389 23.872 24.433 25.642 26.574 24.574 23.716 20.038 21.115 22.598 19.588 17.216 14.593 14.307 12.636 14.014 16.018 13.514 13.179 10.159 10.263 11.465 10.045  6.283  5.151  5.489  3.859  0.000  3.835  5.458  7.802 10.849 13.849 16.476 14.561 16.293 14.787 17.408 18.703 20.826 23.078 24.211 27.742 29.172 31.003 32.375
 15.312 15.888 13.653 15.454 15.590 17.912 20.056 21.809 25.016 24.358 23.724 21.011 20.056 19.080 17.357 17.150 14.217 13.150  9.773 10.668 11.428 10.462 10.041 13.675 14.701 13.568 15.710 18.441 18.581 19.083 21.748 23.479 23.520 24.361 25.618 23.426 22.984 19.464 20.445 21.322 18.056 15.294 12.297 11.273  9.111 10.233 12.445 10.327 10.620  8.180  9.647 11.629 11.450  7.810  6.937  5.477  5.422  3.835  0.000  3.855  5.595  9.212 12.448 14.444 11.899 13.326 11.849 14.368 16.143 18.277 20.940 22.292 25.876 27.328 29.066 30.365
 13.445 14.391 12.819 15.098 16.147 18.622 21.312 23.273 26.251 25.196 24.264 21.178 20.281 18.707 17.117 16.410 13.698 12.200  8.615 10.506 12.063 12.294 12.419 16.138 16.363 15.008 17.740 20.210 19.699 20.458 23.454 24.699 24.434 25.647 27.311 25.496 25.441 22.089 23.489 24.212 20.745 18.176 14.815 13.619 10.744 11.366 14.347 13.039 13.843 11.578 13.306 14.884 14.499 10.783  8.730  6.198  4.664  5.458  3.855  0.000  3.841  6.399 10.019 12.538 10.603 13.016 12.636 15.746 18.017 20.607 23.471 25.217 28.776 30.153 31.882 33.123
 10.703 10.973  9.092 11.301 12.594 15.199 18.110 20.329 23.099 21.822 20.674 17.474 16.583 14.968 13.635 13.276 11.054 10.440  7.617 10.376 11.008 11.527 11.076 14.839 14.642 12.595 15.444 17.963 16.945 17.483 20.753 21.836 21.201 22.437 24.409 22.815 23.214 20.161 21.943 22.300 18.650 16.391 12.759 11.815  8.942 10.293 13.516 12.684 13.201 10.960 13.276 14.421 14.774 11.445  8.943  5.321  5.929  7.802  5.595  3.841  0.000  3.830  6.957  9.017  6.998  9.484  9.441 12.905 15.279 18.268 21.176 23.356 26.838 28.145 29.946 31.214
  8.599  9.047  8.259 10.888 13.235 15.883 19.221 21.646 24.027 22.329 20.810 17.299 16.461 14.194 13.168 12.332 10.794 10.129  7.964 11.508 12.465 13.939 13.856 17.418 16.498 14.291 17.479 19.617 17.925 18.656 22.145 22.665 21.670 23.265 25.633 24.506 25.324 22.564 24.723 24.908 21.184 19.255 15.528 14.642 11.620 12.633 16.165 15.935 16.645 14.543 16.907 17.704 17.977 14.748 11.733  8.047  8.046 10.849  9.212  6.399  3.830  0.000  3.838  6.607  6.074  9.612 10.913 14.632 17.238 20.556 23.497 26.029 29.398 30.600 32.395 33.612
  5.754  5.671  5.999  8.955 12.071 14.896 18.402 21.180 23.097 21.041 19.036 15.331 14.269 11.459 10.674  9.661  9.154  9.286  8.621 12.403 12.801 14.839 14.761 17.929 16.332 13.873 17.186 18.896 16.557 17.388 20.985 20.966 19.641 21.551 24.223 23.616 24.860 22.514 25.107 25.106 21.398 20.039 16.384 16.018 13.417 14.864 18.299 18.329 18.683 16.548 18.912 19.132 19.648 16.843 13.564  9.953 10.647 13.849 12.448 10.019  6.957  3.838  0.000  3.843  5.582  9.101 11.114 14.865 17.248 20.865 23.600 26.481 29.657 30.734 32.595 33.829
  7.649  5.399  4.896  6.379  9.875 12.157 15.840 18.538 20.135 17.880 15.870 12.167 11.722  9.208  9.698  9.891 10.546 11.869 11.768 15.398 15.040 16.650 15.796 18.794 17.310 14.233 17.052 18.965 16.296 16.399 20.177 20.201 18.249 19.809 22.852 22.331 24.095 22.181 24.785 24.229 20.512 19.316 15.720 15.232 12.850 14.271 17.534 18.179 18.621 17.050 19.853 20.146 21.325 18.806 15.885 12.221 13.681 16.476 14.444 12.538  9.017  6.607  3.843  0.000  3.842  6.642  9.571 12.986 15.545 19.212 22.028 25.198 28.189 29.172 30.952 32.116
 10.076  8.010  5.556  6.046  8.401 10.356 13.945 16.277 18.391 16.542 15.172 11.765 11.773 10.299 10.736 11.643 11.506 12.793 11.872 15.219 14.676 15.444 13.972 17.251 16.533 13.270 15.680 18.240 16.144 15.731 19.500 20.247 18.440 19.414 22.231 21.094 22.635 20.479 22.652 21.976 18.190 16.480 12.764 11.739  9.112 10.486 13.724 14.439 15.113 13.910 17.042 17.864 19.352 16.754 14.370 10.675 12.493 14.561 11.899 10.603  6.998  6.074  5.582  3.842  0.000  3.828  6.489  9.971 12.940 16.407 19.519 22.503 25.641 26.734 28.447 29.599
 12.594  9.812  6.511  4.682  5.623  6.739 10.309 12.508 14.660 12.939 11.922  8.881  9.568  9.348 10.541 12.600 12.858 14.898 14.318 17.240 15.946 16.032 13.746 16.669 16.360 12.715 14.284 17.163 15.197 13.913 17.641 18.791 16.682 17.002 19.876 18.521 20.350 18.543 20.531 19.341 15.621 14.028 10.550  9.550  7.757  9.559 12.086 13.163 13.589 13.035 16.412 17.261 19.439 17.343 15.572 12.257 14.810 16.293 13.326 13.016  9.484  9.612  9.101  6.642  3.828  0.000  3.819  6.608  9.705 13.116 16.293 19.441 22.434 23.489 25.160 26.304
 13.881 11.488  7.707  6.127  4.746  6.128  8.803 10.990 13.745 12.672 12.049  9.617  9.756 10.329 10.747 13.064 12.655 14.743 13.997 16.247 14.479 13.744 10.886 13.671 14.015 10.433 11.407 14.710 13.456 11.894 15.364 17.147 15.533 15.467 17.822 15.930 17.336 15.272 16.976 15.885 12.125 10.289  6.752  6.121  5.383  8.375 10.139 10.501 10.216  9.675 13.027 13.910 16.450 14.731 13.603 10.873 13.984 14.787 11.849 12.636  9.441 10.913 11.114  9.571  6.489  3.819  0.000  3.830  6.608  9.986 13.153 16.074 19.254 20.452 22.252 23.544
 17.428 14.795 11.036  8.614  5.802  4.959  6.226  7.628 10.779 10.376 10.690  9.428 10.328 12.136 13.043 15.910 15.736 18.086 17.460 19.344 17.215 15.868 12.468 14.625 15.576 12.067 11.818 15.333 14.527 12.069 15.095 17.424 15.684 14.687 16.831 14.501 16.069 14.450 15.599 13.803 10.300  8.428  5.802  5.053  6.249  8.907  9.259 10.025  9.495 10.146 13.474 14.525 17.651 16.500 16.116 13.920 17.171 17.408 14.368 15.746 12.905 14.632 14.865 12.986  9.971  6.608  3.830  0.000  3.820  6.651 10.119 13.109 16.144 17.334 19.032 20.308
 18.794 16.224 12.586 10.213  6.553  5.848  4.968  6.648  9.734  9.929 10.250  9.829 10.060 12.545 13.116 16.254 16.112 18.769 18.593 19.908 17.200 15.435 11.793 12.993 14.204 10.964  9.585 13.013 12.727  9.743 12.174 14.956 13.530 11.982 13.617 10.957 12.485 11.223 12.298 10.195  6.829  5.900  4.803  6.281  8.961 11.999 11.617 11.587  9.858 10.362 12.937 13.303 16.807 16.486 16.541 15.055 18.653 18.703 16.143 18.017 15.279 17.238 17.248 15.545 12.940  9.705  6.608  3.820  0.000  3.821  6.643  9.882 12.856 14.094 16.111 17.672
 22.494 20.004 16.362 13.969 10.292  8.912  6.710  6.490  9.644 10.926 12.205 12.747 13.297 16.118 16.694 19.844 19.553 22.094 21.754 22.717 19.945 17.659 13.869 14.529 16.413 13.677 11.496 14.822 15.263 12.057 13.573 16.829 15.716 13.450 14.346 11.126 12.225 11.353 11.288  8.509  6.142  5.184  6.331  7.489 10.903 13.444 11.961 11.853  9.895 11.374 13.523 14.148 17.896 18.050 18.815 17.812 21.337 20.826 18.277 20.607 18.268 20.556 20.865 19.212 16.407 13.116  9.986  6.651  3.821  0.000  3.822  6.650  9.613 11.019 12.988 14.679
 24.518 22.100 18.667 16.364 12.573 11.418  8.502  8.290 10.493 12.152 13.346 14.484 14.574 17.653 18.012 21.210 21.009 23.708 23.743 24.284 21.164 18.694 15.026 14.710 16.679 14.472 11.485 14.207 15.172 11.811 12.252 15.756 15.066 12.285 12.307  8.828  9.675  9.695  9.159  5.688  4.965  6.132  8.727 10.783 14.361 17.064 15.439 14.904 12.387 13.535 14.828 14.751 18.557 19.441 20.482 19.997 23.648 23.078 20.940 23.471 21.176 23.497 23.600 22.028 19.519 16.293 13.153 10.119  6.643  3.822  0.000  3.824  6.356  7.933 10.482 12.617
 27.399 25.251 21.796 19.769 16.022 15.034 12.199 11.547 13.639 15.604 17.022 18.218 18.195 21.147 21.184 24.167 23.594 26.016 25.828 25.942 22.867 19.962 16.393 15.666 18.206 16.617 13.357 15.876 17.555 14.526 14.290 18.000 17.901 15.102 14.321 10.652 10.318 10.295  8.345  5.112  6.337  7.207 10.660 12.568 16.338 18.818 16.660 15.674 12.915 14.363 14.966 15.001 18.730 20.063 21.728 21.779 25.285 24.211 22.292 25.217 23.356 26.029 26.481 25.198 22.503 19.441 16.074 13.109  9.882  6.650  3.824  0.000  3.835  6.232  8.799 11.117
 30.363 28.081 24.736 22.507 18.732 17.435 14.208 13.173 14.512 16.743 18.383 20.153 20.252 23.456 23.691 26.803 26.492 29.080 29.121 29.177 25.970 23.120 19.663 18.573 20.945 19.511 16.053 18.069 19.760 16.608 15.803 19.356 19.258 16.071 14.870 11.559 11.349 12.363 10.261  7.059  9.332 10.804 14.189 16.056 19.783 22.141 19.852 19.080 16.452 17.958 18.385 18.197 21.835 23.422 25.113 25.232 28.777 27.742 25.876 28.776 26.838 29.398 29.657 28.189 25.641 22.434 19.254 16.144 12.856  9.613  6.356  3.835  0.000  3.833  6.538  9.083
 31.332 28.991 25.731 23.424 19.698 18.280 14.966 13.826 14.812 17.062 18.760 20.739 20.901 24.169 24.514 27.658 27.492 30.154 30.317 30.388 27.144 24.392 21.019 19.835 22.049 20.649 17.217 19.004 20.603 17.453 16.510 19.882 19.731 16.471 15.223 12.245 12.180 13.520 11.561  8.653 10.904 12.509 15.708 17.552 21.193 23.532 21.296 20.652 18.114 19.554 19.968 19.660 23.220 24.854 26.470 26.566 30.118 29.172 27.328 30.153 28.145 30.600 30.734 29.172 26.734 23.489 20.452 17.334 14.094 11.019  7.933  6.232  3.833  0.000  3.845  6.780
 33.399 31.009 27.729 25.330 21.676 20.013 16.735 15.197 15.993 18.322 20.321 22.461 22.902 26.193 26.697 29.855 29.719 32.339 32.401 32.525 29.379 26.622 23.266 22.213 24.460 23.038 19.736 21.544 23.072 19.943 19.091 22.338 22.077 18.816 17.688 14.937 14.917 16.187 14.154 11.535 13.554 14.742 17.764 19.222 22.750 24.806 22.393 21.959 19.702 21.402 21.889 21.814 25.293 26.851 28.532 28.579 32.043 31.003 29.066 31.882 29.946 32.395 32.595 30.952 28.447 25.160 22.252 19.032 16.111 12.988 10.482  8.799  6.538  3.845  0.000  3.810
 34.769 32.338 29.074 26.616 23.059 21.245 18.067 16.342 16.977 19.265 21.417 23.629 24.261 27.539 28.170 31.327 31.246 33.843 33.857 34.052 30.986 28.280 24.957 24.027 26.228 24.761 21.597 23.402 24.818 21.719 20.965 24.076 23.711 20.494 19.496 16.949 17.025 18.257 16.317 13.861 15.647 16.591 19.380 20.557 23.931 25.773 23.302 23.064 21.059 22.889 23.473 23.544 26.951 28.407 30.068 30.036 33.431 32.375 30.365 33.123 31.214 33.612 33.829 32.116 29.599 26.304 23.544 20.308 17.672 14.679 12.617 11.117  9.083  6.780  3.810  0.000
