  0.000  3.832  6.672 10.271 13.201 16.636 19.723 22.985 24.722 22.577 19.831 16.196 13.893 10.408  8.324  5.515  5.451  5.820  7.615 10.759 10.700 13.715 14.530 16.809 14.148 12.430 16.057 16.605 13.892 15.745 18.920 18.022 17.150 19.881 22.322 22.455 23.570 21.521 24.679 25.068 21.675 21.229 18.022 18.785 17.042 19.287 22.363 21.852 21.318 18.572 20.117 19.238 19.382 17.267 13.658 10.969 11.954 15.552 15.261 13.385 10.618  8.516  5.729  7.669 10.047 12.587 13.868 17.408 18.759 22.468 24.447 27.400 30.294 31.670 33.923 35.413
  3.832  0.000  3.827  6.846 10.098 13.301 16.486 19.755 21.257 18.993 16.188 12.511 10.446  6.927  5.827  4.717  6.328  8.427 10.012 13.182 12.273 14.583 14.422 16.685 14.269 11.691 14.873 15.789 12.706 13.748 17.233 16.494 14.931 17.330 20.169 20.306 21.923 20.225 23.381 23.234 19.782 19.453 16.264 16.986 15.464 17.804 20.716 20.639 20.140 17.858 19.886 19.165 20.048 18.111 14.876 11.862 13.683 16.888 15.812 14.314 10.878  8.978  5.658  5.443  7.993  9.808 11.461 14.758 16.159 19.939 21.976 25.185 27.958 29.337 31.576 33.045
  6.672  3.827  0.000  3.819  6.726 10.041 13.266 16.419 18.265 16.292 13.887 10.250  8.541  6.038  5.369  6.289  6.942  9.406 10.100 13.121 11.721 13.090 12.054 14.598 12.891  9.685 12.498 14.215 11.523 11.766 15.491 15.567 13.913 15.640 18.441 17.980 19.568 17.707 20.580 20.192 16.593 15.960 12.662 13.249 11.894 14.458 17.147 17.117 16.597 14.604 16.974 16.605 18.005 16.086 13.330 10.158 12.679 15.278 13.597 12.748  9.007  8.190  5.989  4.877  5.491  6.466  7.675 10.997 12.545 16.325 18.592 21.788 24.672 26.156 28.378 29.857
 10.271  6.846  3.819  0.000  3.821  6.514  9.927 13.037 14.641 12.590 10.271  6.623  5.787  4.711  6.191  8.778 10.089 12.974 13.611 16.406 14.565 15.225 13.324 15.598 14.378 10.696 12.498 14.596 11.899 10.924 14.745 15.181 12.850 13.815 16.956 16.371 18.496 17.113 19.792 18.727 15.177 14.672 11.615 12.084 11.250 13.787 16.024 16.541 16.067 14.830 17.597 17.449 19.536 17.924 15.750 12.706 15.590 17.656 15.412 15.045 11.253 10.865  8.972  6.391  6.046  4.683  6.128  8.595 10.177 13.923 16.266 19.722 22.420 23.900 26.071 27.509
 13.201 10.098  6.726  3.821  0.000  3.824  6.605  9.905 11.911 10.259  8.472  5.684  5.064  6.367  7.513 10.768 11.591 14.646 15.124 17.313 14.905 14.651 11.986 13.850 13.323  9.485 10.184 12.780 10.699  8.710 12.386 13.631 11.411 11.497 14.379 13.241 15.380 14.124 16.536 15.146 11.637 11.293  8.661  9.663  9.986 12.988 14.409 14.738 13.749 12.915 15.652 15.497 18.161 17.067 15.630 13.134 16.523 17.892 15.511 16.063 12.519 13.194 12.077  9.884  8.400  5.645  4.751  5.788  6.513 10.242 12.474 15.962 18.650 20.174 22.402 23.921
 16.636 13.301 10.041  6.514  3.824  0.000  3.832  6.633  8.463  6.990  6.122  4.512  6.312  8.817 10.900 14.328 15.384 18.409 18.688 20.914 18.537 17.935 14.896 16.602 16.568 12.787 12.675 15.438 13.643 10.888 14.132 15.708 13.090 12.167 15.130 13.749 16.286 15.546 17.412 15.260 12.052 11.607  9.568  9.893 10.622 13.030 13.833 14.902 14.273 14.437 17.465 17.748 20.783 19.791 18.773 16.292 19.604 20.617 17.823 18.524 15.122 15.833 14.878 12.133 10.337  6.728  6.115  4.946  5.824  8.860 11.324 14.961 17.363 18.876 20.920 22.315
 19.723 16.486 13.266  9.927  6.605  3.832  0.000  3.838  5.855  5.296  5.664  6.366  7.936 11.283 13.117 16.750 17.724 20.885 21.279 23.051 20.294 19.170 15.813 16.825 17.241 13.741 12.542 15.237 14.027 10.598 13.074 15.168 12.695 10.733 13.251 11.512 14.218 14.086 15.521 12.809 10.179 10.370  9.606 10.528 12.393 14.885 14.769 15.635 14.485 15.109 17.789 17.907 21.313 20.918 20.466 18.517 22.052 22.652 19.960 21.212 18.032 19.173 18.392 15.823 13.928 10.299  8.784  6.189  4.904  6.590  8.342 12.041 14.091 15.545 17.620 19.096
 22.985 19.755 16.419 13.037  9.905  6.633  3.838  0.000  3.854  5.538  7.725  9.277 11.490 14.792 16.747 20.323 21.147 24.140 24.198 25.950 23.310 21.863 18.306 19.341 20.249 16.879 15.372 18.248 17.441 13.910 15.956 18.349 15.996 13.559 15.649 13.549 16.038 16.067 16.744 13.603 11.506 11.255 11.086 11.241 13.319 15.156 14.309 15.656 14.881 16.352 19.141 19.751 23.317 22.941 22.888 21.002 24.414 24.619 21.661 23.108 20.194 21.530 21.096 18.435 16.177 12.407 10.901  7.532  6.617  6.431  8.274 11.498 13.185 14.623 16.350 17.644
 24.722 21.257 18.265 14.641 11.911  8.463  5.855  3.854  0.000  3.840  6.756  9.477 12.127 15.634 18.095 21.794 23.139 26.364 26.762 28.648 25.926 24.734 21.294 22.117 22.688 19.305 17.777 20.223 19.086 15.463 17.274 19.247 16.493 13.831 16.126 14.655 17.629 18.303 19.125 15.796 14.164 14.487 14.467 14.756 16.610 18.277 17.566 19.136 18.438 19.832 22.559 22.938 26.496 26.202 25.957 23.961 27.382 27.841 24.906 26.111 23.007 23.952 23.085 20.086 18.312 14.572 13.716 10.723  9.844  9.656 10.609 13.666 14.624 15.757 17.297 18.441
 22.577 18.993 16.292 12.590 10.259  6.990  5.296  5.538  3.840  0.000  3.811  6.814  9.658 13.115 15.865 19.565 21.256 24.607 25.290 27.354 24.656 23.870 20.661 21.565 21.646 18.142 17.015 19.213 17.574 14.126 16.262 17.752 14.662 12.416 15.242 14.307 17.582 18.242 19.628 16.555 14.585 15.121 14.581 15.092 16.550 18.436 18.328 19.826 19.102 19.995 22.764 22.876 26.270 25.837 25.180 22.981 26.386 27.247 24.424 25.293 21.944 22.506 21.238 18.097 16.782 13.188 12.842 10.512  9.893 10.738 11.776 15.184 16.339 17.422 19.097 20.265
 19.831 16.188 13.887 10.271  8.472  6.122  5.664  7.725  6.756  3.811  0.000  3.833  6.457  9.888 12.872 16.562 18.642 22.148 23.234 25.391 22.681 22.360 19.498 20.384 19.865 16.334 15.675 17.467 15.263 12.144 14.603 15.460 12.054 10.496 13.872 13.608 17.071 17.672 19.707 17.060 14.787 15.619 14.614 15.543 16.653 18.905 19.409 20.621 19.724 19.951 22.607 22.313 25.457 24.957 23.858 21.553 24.945 26.248 23.685 24.237 20.665 20.844 19.099 15.951 15.262 12.024 12.100 10.715 10.179 12.044 13.054 16.701 18.087 19.168 21.086 22.379
 16.196 12.511 10.250  6.623  5.684  4.512  6.366  9.277  9.477  6.814  3.833  0.000  3.826  6.600  9.795 13.343 15.445 18.845 19.895 22.309 19.866 19.945 17.384 18.737 17.869 14.179 14.360 16.240 13.630 11.125 14.298 14.865 11.547 11.087 14.670 14.414 17.544 17.453 19.858 17.742 14.871 15.257 13.421 14.196 14.630 16.974 18.141 19.232 18.518 18.255 21.029 20.759 23.577 22.684 21.165 18.571 21.793 23.413 20.926 21.108 17.421 17.298 15.374 12.227 11.809  8.919  9.596  9.360  9.691 12.551 14.199 17.938 19.877 21.132 23.181 24.534
 13.893 10.446  8.541  5.787  5.064  6.312  7.936 11.490 12.127  9.658  6.457  3.826  0.000  3.843  6.473 10.183 12.421 16.045 17.595 19.722 17.040 17.377 15.195 16.203 14.815 11.322 11.791 13.117 10.146  8.138 11.468 11.556  8.373  8.874 12.457 12.642 15.580 15.385 18.298 16.751 13.870 14.736 12.900 14.473 15.023 17.914 19.281 19.690 18.451 17.468 19.762 18.890 21.449 20.791 19.067 16.768 20.100 21.948 19.977 20.204 16.506 16.421 14.274 11.746 11.783  9.595  9.756 10.301  9.982 13.178 14.368 17.998 20.055 21.265 23.526 25.034
 10.408  6.927  6.038  4.711  6.367  8.817 11.283 14.792 15.634 13.115  9.888  6.600  3.843  0.000  3.819  6.989  9.755 13.282 15.137 17.575 15.301 16.436 14.979 16.346 14.306 11.014 12.648 13.592 10.147  9.551 13.048 12.420  9.688 11.426 14.816 15.284 17.797 17.124 20.317 19.336 16.235 16.787 14.385 15.762 15.543 18.342 20.346 20.607 19.579 18.032 20.235 19.260 21.246 20.202 17.862 15.305 18.255 20.656 19.003 18.627 14.878 14.134 11.443  9.213 10.282  9.347 10.311 12.099 12.474 16.022 17.482 21.001 23.289 24.526 26.796 28.290
  8.324  5.827  5.369  6.191  7.513 10.900 13.117 16.747 18.095 15.865 12.872  9.795  6.473  3.819  0.000  3.814  6.259  9.979 12.234 14.270 11.826 13.263 12.387 13.583 11.064  8.195 10.539 11.025  7.544  8.277 11.658 10.846  9.181 11.669 14.414 14.834 16.668 15.520 18.937 18.659 15.569 16.184 13.774 15.618 15.440 18.565 20.646 20.245 18.840 16.647 18.307 16.885 18.437 17.524 15.004 12.853 15.809 18.319 17.263 17.023 13.519 13.084 10.656  9.703 10.697 10.522 10.711 12.986 13.033 16.599 17.857 21.064 23.540 24.784 27.155 28.745
  5.515  4.717  6.289  8.778 10.768 14.328 16.750 20.323 21.794 19.565 16.562 13.343 10.183  6.989  3.814  0.000  3.828  7.145 10.089 12.133 10.276 12.708 12.930 14.229 11.149  9.227 12.360 12.286  9.039 11.017 13.971 12.688 11.807 14.799 17.159 17.735 19.083 17.594 21.077 21.344 18.280 18.707 16.113 17.828 17.169 20.135 22.582 21.910 20.605 17.927 19.222 17.629 18.411 17.259 14.202 12.178 14.483 17.492 17.079 16.335 13.170 12.244  9.636  9.895 11.602 12.582 13.036 15.866 16.189 19.776 21.086 24.092 26.680 27.908 30.270 31.851
  5.451  6.328  6.942 10.089 11.591 15.384 17.724 21.147 23.139 21.256 18.642 15.445 12.421  9.755  6.259  3.828  0.000  3.824  6.694  8.383  6.576  9.325 10.203 11.800  8.825  7.538 11.227 11.391  9.082 11.519 14.285 13.626 13.572 16.328 18.141 18.137 18.768 16.608 19.872 20.664 17.549 17.576 14.902 16.608 15.849 18.859 21.301 20.118 18.705 15.614 16.503 14.887 15.162 13.838 10.618  8.950 11.150 14.099 14.185 13.664 10.991 10.748  9.188 10.601 11.512 12.888 12.676 15.738 16.097 19.546 20.959 23.609 26.440 27.745 30.098 31.710
  5.820  8.427  9.406 12.974 14.646 18.409 20.885 24.140 26.364 24.607 22.148 18.845 16.045 13.282  9.979  7.145  3.824  0.000  3.878  5.443  5.393  8.978 10.982 12.870 10.169  9.860 13.659 13.826 12.209 14.873 17.389 16.850 17.194 19.937 21.489 21.281 21.452 18.888 21.890 23.094 19.993 19.602 16.807 18.153 16.944 19.605 22.265 20.805 19.622 16.244 16.763 15.331 14.698 12.921  9.279  7.974  8.939 12.242 13.141 12.192 10.401 10.101  9.339 11.933 12.803 14.927 14.763 18.090 18.762 22.106 23.688 26.077 29.059 30.400 32.690 34.268
  7.615 10.012 10.100 13.611 15.124 18.688 21.279 24.198 26.762 25.290 23.234 19.895 17.595 15.137 12.234 10.089  6.694  3.878  0.000  3.840  5.541  8.321 10.285 12.973 11.272 10.834 14.507 15.470 14.413 16.576 19.241 19.364 19.653 21.944 23.455 22.662 22.587 19.584 22.116 23.358 20.099 19.008 15.970 16.698 15.027 17.289 20.059 18.462 17.678 14.308 14.925 14.231 13.306 10.725  6.908  5.193  5.167  8.698  9.769  8.616  7.593  7.950  8.685 11.823 11.874 14.332 14.004 17.455 18.584 21.776 23.749 25.934 29.131 30.599 32.789 34.315
 10.759 13.182 13.121 16.406 17.313 20.914 23.051 25.950 28.648 27.354 25.391 22.309 19.722 17.575 14.270 12.133  8.383  5.443  3.840  0.000  3.837  6.532  9.650 11.617 10.081 10.949 14.305 14.796 14.550 17.121 19.159 19.381 20.392 22.690 23.607 22.739 22.050 18.863 21.224 23.044 20.159 19.274 16.755 17.947 16.827 19.282 21.621 19.445 18.149 14.473 14.087 12.840 11.073  9.024  5.541  6.242  6.023  8.430 10.681 10.523 10.363 11.500 12.468 15.456 15.225 17.261 16.263 19.345 19.910 22.754 24.316 26.078 29.214 30.596 32.780 34.344
 10.700 12.273 11.721 14.565 14.905 18.537 20.294 23.310 25.926 24.656 22.681 19.866 17.040 15.301 11.826 10.276  6.576  5.393  5.541  3.837  0.000  3.840  6.836  8.284  6.306  7.379 10.666 10.980 10.898 13.524 15.380 15.715 16.909 19.119 19.856 19.023 18.327 15.264 17.863 19.661 16.893 16.481 14.285 16.141 15.725 18.728 20.700 18.482 16.616 12.923 12.462 10.515  9.501  8.368  5.391  6.274  8.114  9.955 11.424 12.063 10.982 12.453 12.870 15.107 14.692 15.980 14.507 17.222 17.205 19.977 21.186 22.975 25.992 27.318 29.590 31.229
 13.715 14.583 13.090 15.225 14.651 17.935 19.170 21.863 24.734 23.870 22.360 19.945 17.377 16.436 13.263 12.708  9.325  8.978  8.321  6.532  3.840  0.000  3.832  5.230  5.116  6.548  8.828  9.822 10.873 12.838 14.334 15.549 16.981 18.533 18.827 17.361 16.154 12.701 14.794 16.833 14.247 13.634 11.909 14.002 14.224 17.367 18.742 16.104 13.777 10.038  8.943  6.723  5.912  5.428  4.110  6.345  8.864  9.222 10.456 12.291 11.511 13.937 14.913 16.717 15.465 16.071 13.780 15.883 15.456 17.713 18.756 20.115 23.182 24.546 26.776 28.441
 14.530 14.422 12.054 13.324 11.986 14.896 15.813 18.306 21.294 20.661 19.498 17.384 15.195 14.979 12.387 12.930 10.203 10.982 10.285  9.650  6.836  3.832  0.000  3.846  5.377  4.971  6.316  8.671  9.859 10.701 12.451 14.404 15.405 16.294 16.695 14.717 13.719 10.162 12.077 13.623 10.739  9.871  8.145 10.537 11.378 14.807 15.767 13.225 10.584  7.078  6.675  4.799  6.342  6.064  5.929  6.835 10.261 10.145 10.033 12.419 11.079 13.878 14.854 15.880 14.019 13.807 10.943 12.497 11.823 13.926 15.088 16.537 19.716 21.206 23.473 25.175
 16.809 16.685 14.598 15.598 13.850 16.602 16.825 19.341 22.117 21.565 20.384 18.737 16.203 16.346 13.583 14.229 11.800 12.870 12.973 11.617  8.284  5.230  3.846  0.000  3.848  5.428  5.070  6.274  8.792  9.907 10.469 12.564 14.394 15.201 14.780 12.907 11.186  7.622  9.733 12.007  9.960 10.273  9.876 13.002 14.583 18.112 18.608 15.940 12.764  9.660  8.191  4.755  6.374  8.102  8.692 10.366 13.544 13.324 13.672 16.138 14.836 17.432 18.018 18.883 17.305 16.748 13.750 14.680 13.055 14.611 14.803 15.818 18.650 19.920 22.254 24.051
 14.148 14.269 12.891 14.378 13.323 16.568 17.241 20.249 22.688 21.646 19.865 17.869 14.815 14.306 11.064 11.149  8.825 10.169 11.272 10.081  6.306  5.116  5.377  3.848  0.000  3.860  5.385  4.923  6.331  8.776  9.657 10.613 12.515 14.226 14.206 13.274 12.230  9.397 12.387 14.314 12.110 12.871 11.870 14.932 15.974 19.569 20.642 18.356 15.540 12.286 11.446  8.312  9.009  9.977  9.076 10.189 13.282 14.108 14.682 16.348 14.612 16.488 16.402 17.388 16.570 16.425 14.076 15.612 14.236 16.456 16.709 18.284 20.963 22.137 24.542 26.320
 12.430 11.691  9.685 10.696  9.485 12.787 13.741 16.879 19.305 18.142 16.334 14.179 11.322 11.014  8.195  9.227  7.538  9.860 10.834 10.949  7.379  6.548  4.971  5.428  3.860  0.000  3.848  5.405  5.121  6.457  8.743  9.990 10.724 12.189 13.045 11.933 11.873  9.255 12.388 13.330 10.408 10.893  9.227 12.169 13.115 16.798 18.013 16.242 13.728 10.840 11.227  9.016 10.731 10.785  9.507  9.209 12.825 13.929 13.529 14.978 12.557 14.283 13.946 14.315 13.313 12.784 10.493 12.095 10.977 13.691 14.456 16.645 19.482 20.827 23.277 25.043
 16.057 14.873 12.498 12.498 10.184 12.675 12.542 15.372 17.777 17.015 15.675 14.360 11.791 12.648 10.539 12.360 11.227 13.659 14.507 14.305 10.666  8.828  6.316  5.070  5.385  3.848  0.000  3.840  5.404  5.049  6.244  8.789  9.881 10.312 10.401  8.629  8.170  5.513  8.789  9.659  7.129  8.574  8.243 11.856 13.852 17.615 18.057 16.201 13.153 10.889 10.954  8.511 11.150 12.160 11.997 12.182 15.891 16.318 15.679 17.715 15.417 17.480 17.260 17.132 15.732 14.363 11.483 11.866  9.624 11.524 11.488 13.376 16.034 17.335 19.882 21.764
 16.605 15.789 14.215 14.596 12.780 15.438 15.237 18.248 20.223 19.213 17.467 16.240 13.117 13.592 11.025 12.286 11.391 13.826 15.470 14.796 10.980  9.822  8.671  6.274  4.923  5.405  3.840  0.000  3.844  5.414  4.903  6.358  8.752 10.009  9.419  8.841  8.087  6.425 10.104 11.512  9.960 12.089 12.065 15.669 17.501 21.262 21.853 19.934 16.836 14.347 13.839 10.725 12.552 14.066 13.629 14.238 17.681 18.454 18.411 20.184 17.925 19.604 18.959 19.042 18.284 17.239 14.781 15.379 13.049 14.844 14.197 15.864 18.032 19.019 21.554 23.426
 13.892 12.706 11.523 11.899 10.699 13.643 14.027 17.441 19.086 17.574 15.263 13.630 10.146 10.147  7.544  9.039  9.082 12.209 14.413 14.550 10.898 10.873  9.859  8.792  6.331  5.121  5.404  3.844  0.000  3.854  5.335  5.095  6.274  8.600  9.388  9.706 10.404  9.381 13.144 13.734 11.602 13.484 12.636 15.887 17.187 20.888 21.962 20.560 17.931 15.487 15.777 13.139 14.893 15.580 14.269 13.958 17.391 18.868 18.529 19.650 16.882 17.890 16.597 16.364 16.179 15.270 13.519 14.568 12.747 15.261 15.113 17.496 19.680 20.714 23.246 25.042
 15.745 13.748 11.766 10.924  8.710 10.888 10.598 13.910 15.463 14.126 12.144 11.125  8.138  9.551  8.277 11.017 11.519 14.873 16.576 17.121 13.524 12.838 10.701  9.907  8.776  6.457  5.049  5.414  3.854  0.000  3.849  5.436  5.064  5.753  7.096  6.774  8.481  8.068 11.587 11.192  8.970 11.189 10.738 14.032 15.843 19.511 20.160 19.120 16.508 14.788 15.605 13.494 16.069 16.731 15.875 15.199 18.913 20.042 19.030 20.405 17.424 18.624 17.419 16.451 15.765 13.985 11.959 12.115  9.765 12.044 11.726 14.425 16.507 17.621 20.209 22.045
 18.920 17.233 15.491 14.745 12.386 14.132 13.074 15.956 17.274 16.262 14.603 14.298 11.468 13.048 11.658 13.971 14.285 17.389 19.241 19.159 15.380 14.334 12.451 10.469  9.657  8.743  6.244  4.903  5.335  3.849  0.000  3.841  5.565  5.566  4.577  4.789  5.822  6.631 10.159 10.176  9.260 12.354 12.957 16.568 18.843 22.546 22.792 21.446 18.427 16.766 16.871 14.252 16.760 18.209 17.856 17.871 21.534 22.364 21.704 23.411 20.701 22.116 21.021 20.231 19.534 17.713 15.431 15.144 12.207 13.571 12.187 14.174 15.704 16.521 19.135 21.040
 18.022 16.494 15.567 15.181 13.631 15.708 15.168 18.349 19.247 17.752 15.460 14.865 11.556 12.420 10.846 12.688 13.626 16.850 19.364 19.381 15.715 15.549 14.404 12.564 10.613  9.990  8.789  6.358  5.095  5.436  3.841  0.000  3.845  6.038  5.824  7.962  9.292 10.209 13.809 13.976 12.971 15.850 15.921 19.362 21.165 24.850 25.531 24.322 21.503 19.531 19.677 16.871 18.864 20.114 19.161 19.006 22.458 23.835 23.426 24.646 21.771 22.625 20.993 20.260 20.283 18.870 17.217 17.478 14.988 16.823 15.675 17.868 19.237 19.895 22.398 24.180
 17.150 14.931 13.913 12.850 11.411 13.090 12.695 15.996 16.493 14.662 12.054 11.547  8.373  9.688  9.181 11.807 13.572 17.194 19.653 20.392 16.909 16.981 15.405 14.394 12.515 10.724  9.881  8.752  6.274  5.064  5.565  3.845  0.000  3.832  6.083  8.293 10.911 11.936 15.398 14.694 13.202 15.813 15.478 18.530 20.124 23.636 24.446 23.786 21.364 19.758 20.620 18.350 20.668 21.373 20.134 19.261 22.782 24.389 23.460 24.371 21.128 21.620 19.646 18.292 18.472 16.762 15.602 15.745 13.560 15.700 14.954 17.739 19.115 19.873 22.339 24.051
 19.881 17.330 15.640 13.815 11.497 12.167 10.733 13.559 13.831 12.416 10.496 11.087  8.874 11.426 11.669 14.799 16.328 19.937 21.944 22.690 19.119 18.533 16.294 15.201 14.226 12.189 10.312 10.009  8.600  5.753  5.566  6.038  3.832  0.000  3.853  5.697  9.174 10.972 13.871 12.396 11.376 14.314 14.651 17.686 19.812 23.230 23.502 23.015 20.526 19.536 20.537 18.575 21.408 22.300 21.583 20.739 24.453 25.622 24.325 25.607 22.392 23.241 21.573 19.857 19.465 17.096 15.556 14.772 12.036 13.446 12.170 14.909 15.918 16.632 19.108 20.861
 22.322 20.169 18.441 16.956 14.379 15.130 13.251 15.649 16.126 15.242 13.872 14.670 12.457 14.816 14.414 17.159 18.141 21.489 23.455 23.607 19.856 18.827 16.695 14.780 14.206 13.045 10.401  9.419  9.388  7.096  4.577  5.824  6.083  3.853  0.000  3.824  6.576  9.328 11.953 10.907 10.979 14.486 15.632 19.036 21.587 25.121 25.034 24.106 21.190 20.151 20.507 18.166 20.949 22.470 22.242 22.037 25.767 26.578 25.606 27.294 24.384 25.626 24.266 22.916 22.293 19.979 17.925 16.927 13.696 14.375 12.250 14.156 14.753 15.227 17.741 19.584
 22.455 20.306 17.980 16.371 13.241 13.749 11.512 13.549 14.655 14.307 13.608 14.414 12.642 15.284 14.834 17.735 18.137 21.281 22.662 22.739 19.023 17.361 14.717 12.907 13.274 11.933  8.629  8.841  9.706  6.774  4.789  7.962  8.293  5.697  3.824  0.000  3.897  6.515  8.652  7.171  7.381 11.023 12.690 16.131 19.046 22.530 22.065 20.992 17.952 17.235 17.583 15.565 18.705 20.279 20.536 20.459 24.257 24.597 23.433 25.500 22.814 24.524 23.681 22.405 21.167 18.627 16.040 14.602 11.047 11.171  8.799 10.508 11.468 12.264 14.992 17.024
 23.570 21.923 19.568 18.496 15.380 16.286 14.218 16.038 17.629 17.582 17.071 17.544 15.580 17.797 16.668 19.083 18.768 21.452 22.587 22.050 18.327 16.154 13.719 11.186 12.230 11.873  8.170  8.087 10.404  8.481  5.822  9.292 10.911  9.174  6.576  3.897  0.000  3.894  5.610  5.656  6.931 10.597 12.832 16.490 19.589 23.122 22.446 20.779 17.358 16.409 15.949 13.571 16.536 18.697 19.505 20.128 23.802 23.713 22.964 25.419 23.186 25.313 24.905 24.144 22.671 20.417 17.405 16.124 12.540 12.260  9.698 10.253 11.327 12.041 14.731 16.829
 21.521 20.225 17.707 17.113 14.124 15.546 14.086 16.067 18.303 18.242 17.672 17.453 15.385 17.124 15.520 17.594 16.608 18.888 19.584 18.863 15.264 12.701 10.162  7.622  9.397  9.255  5.513  6.425  9.381  8.068  6.631 10.209 11.936 10.972  9.328  6.515  3.894  0.000  3.843  5.493  5.322  8.244 10.196 13.940 16.895 20.471 19.935 17.870 14.322 12.957 12.210  9.720 12.741 14.886 15.904 16.780 20.368 20.041 19.441 22.071 20.139 22.564 22.578 22.238 20.509 18.590 15.316 14.462 11.236 11.349  9.700 10.275 12.339 13.416 16.027 18.078
 24.679 23.381 20.580 19.792 16.536 17.412 15.521 16.744 19.125 19.628 19.707 19.858 18.298 20.317 18.937 21.077 19.872 21.890 22.116 21.224 17.863 14.794 12.077  9.733 12.387 12.388  8.789 10.104 13.144 11.587 10.159 13.809 15.398 13.871 11.953  8.652  5.610  3.843  0.000  3.841  5.559  7.931 10.940 14.309 17.660 20.936 19.752 17.501 13.822 13.161 12.048 10.165 13.331 15.768 17.555 18.712 22.147 21.195 20.495 23.537 21.982 24.775 25.209 24.863 22.709 20.590 17.037 15.618 12.317 11.292  9.202  8.369 10.269 11.322 13.798 15.912
 25.068 23.234 20.192 18.727 15.146 15.260 12.809 13.603 15.796 16.555 17.060 17.742 16.751 19.336 18.659 21.344 20.664 23.094 23.358 23.044 19.661 16.833 13.623 12.007 14.314 13.330  9.659 11.512 13.734 11.192 10.176 13.976 14.694 12.396 10.907  7.171  5.656  5.493  3.841  0.000  3.835  6.803 10.171 13.295 16.894 20.031 18.600 16.972 13.598 13.719 13.594 12.424 15.980 17.843 19.333 19.819 23.436 22.655 21.352 24.231 22.311 24.926 25.161 24.258 22.001 19.371 15.924 13.811 10.203  8.505  5.723  5.081  7.085  8.582 11.413 13.697
 21.675 19.782 16.593 15.177 11.637 12.052 10.179 11.506 14.164 14.585 14.787 14.871 13.870 16.235 15.569 18.280 17.549 19.993 20.099 20.159 16.893 14.247 10.739  9.960 12.110 10.408  7.129  9.960 11.602  8.970  9.260 12.971 13.202 11.376 10.979  7.381  6.931  5.322  5.559  3.835  0.000  3.820  6.565  9.925 13.362 16.675 15.662 14.140 10.891 10.744 11.321 10.442 14.170 15.376 16.455 16.484 20.172 19.620 18.062 20.747 18.651 21.199 21.456 20.548 18.217 15.654 12.165 10.308  6.836  6.136  4.979  6.341  9.337 11.067 13.741 15.817
 21.229 19.453 15.960 14.672 11.293 11.607 10.370 11.255 14.487 15.121 15.619 15.257 14.736 16.787 16.184 18.707 17.576 19.602 19.008 19.274 16.481 13.634  9.871 10.273 12.871 10.893  8.574 12.089 13.484 11.189 12.354 15.850 15.813 14.314 14.486 11.023 10.597  8.244  7.931  6.803  3.820  0.000  3.828  6.610 10.238 13.339 12.095 10.407  7.186  7.648  8.916  9.291 13.082 13.627 14.943 14.755 18.236 17.284 15.335 18.211 16.433 19.307 20.126 19.367 16.521 14.057 10.324  8.412  5.881  5.167  6.168  7.303 10.828 12.773 15.069 16.907
 18.022 16.264 12.662 11.615  8.661  9.568  9.606 11.086 14.467 14.581 14.614 13.421 12.900 14.385 13.774 16.113 14.902 16.807 15.970 16.755 14.285 11.909  8.145  9.876 11.870  9.227  8.243 12.065 12.636 10.738 12.957 15.921 15.478 14.651 15.632 12.690 12.832 10.196 10.940 10.171  6.565  3.828  0.000  3.822  6.889 10.383 10.055  8.585  5.995  5.706  8.254  9.079 12.498 12.034 12.619 11.692 15.179 14.607 12.296 14.818 12.783 15.571 16.468 15.779 12.814 10.597  6.800  5.806  4.795  6.346  8.749 10.751 14.203 16.070 18.255 19.913
 18.785 16.986 13.249 12.084  9.663  9.893 10.528 11.241 14.756 15.092 15.543 14.196 14.473 15.762 15.618 17.828 16.608 18.153 16.698 17.947 16.141 14.002 10.537 13.002 14.932 12.169 11.856 15.669 15.887 14.032 16.568 19.362 18.530 17.686 19.036 16.131 16.490 13.940 14.309 13.295  9.925  6.610  3.822  0.000  3.824  6.813  6.312  5.486  4.522  5.790  9.344 11.381 14.384 13.112 13.630 12.126 15.089 14.270 11.228 13.582 11.819 14.668 16.074 15.265 11.768  9.573  6.133  5.050  6.285  7.541 10.843 12.715 16.112 18.037 19.900 21.311
 17.042 15.464 11.894 11.250  9.986 10.622 12.393 13.319 16.610 16.550 16.653 14.630 15.023 15.543 15.440 17.169 15.849 16.944 15.027 16.827 15.725 14.224 11.378 14.583 15.974 13.115 13.852 17.501 17.187 15.843 18.843 21.165 20.124 19.812 21.587 19.046 19.589 16.895 17.660 16.894 13.362 10.238  6.889  3.824  0.000  3.848  5.524  5.512  6.524  6.944 10.736 13.023 15.313 13.136 12.941 10.662 13.054 12.557  9.026 10.676  8.935 11.642 13.467 12.881  9.141  7.774  5.370  6.242  8.957 10.945 14.404 16.477 19.827 21.702 23.480 24.769
 19.287 17.804 14.458 13.787 12.988 13.030 14.885 15.156 18.277 18.436 18.905 16.974 17.914 18.342 18.565 20.135 18.859 19.605 17.289 19.282 18.728 17.367 14.807 18.112 19.569 16.798 17.615 21.262 20.888 19.511 22.546 24.850 23.636 23.230 25.121 22.530 23.122 20.471 20.936 20.031 16.675 13.339 10.383  6.813  3.848  0.000  3.849  5.595  8.418  9.657 13.287 16.089 18.075 15.577 15.467 13.089 14.664 13.895 10.116 11.266 10.280 12.650 14.899 14.292 10.507  9.564  8.351  8.906 12.005 13.498 17.126 18.981 22.207 24.089 25.615 26.709
 22.363 20.716 17.147 16.024 14.409 13.833 14.769 14.309 17.566 18.328 19.409 18.141 19.281 20.346 20.646 22.582 21.301 22.265 20.059 21.621 20.700 18.742 15.767 18.608 20.642 18.013 18.057 21.853 21.962 20.160 22.792 25.531 24.446 23.502 25.034 22.065 22.446 19.935 19.752 18.600 15.662 12.095 10.055  6.312  5.524  3.849  0.000  3.819  6.959  9.592 13.005 16.084 18.474 16.538 17.209 15.439 17.291 15.936 12.369 14.281 13.519 16.188 18.336 17.547 13.738 12.082 10.118  9.251 11.626 12.027 15.529 16.853 19.948 21.859 23.202 24.225
 21.852 20.639 17.117 16.541 14.738 14.902 15.635 15.656 19.136 19.826 20.621 19.232 19.690 20.607 20.245 21.910 20.118 20.805 18.462 19.445 18.482 16.104 13.225 15.940 18.356 16.242 16.201 19.934 20.560 19.120 21.446 24.322 23.786 23.015 24.106 20.992 20.779 17.870 17.501 16.972 14.140 10.407  8.585  5.486  5.512  5.595  3.819  0.000  3.826  6.461  9.530 12.870 15.108 13.343 14.566 13.476 15.370 13.472 10.302 13.031 12.731 15.996 18.407 18.226 14.481 13.184 10.502 10.017 11.590 11.913 14.999 15.885 19.172 21.088 22.555 23.718
 21.318 20.140 16.597 16.067 13.749 14.273 14.485 14.881 18.438 19.102 19.724 18.518 18.451 19.579 18.840 20.605 18.705 19.622 17.678 18.149 16.616 13.777 10.584 12.764 15.540 13.728 13.153 16.836 17.931 16.508 18.427 21.503 21.364 20.526 21.190 17.952 17.358 14.322 13.822 13.598 10.891  7.186  5.995  4.522  6.524  8.418  6.959  3.826  0.000  3.826  6.562  9.626 12.357 11.348 13.030 12.601 15.091 13.181 10.632 13.865 13.259 16.713 18.777 18.684 15.166 13.627 10.242  9.498  9.868  9.961 12.492 13.134 16.546 18.460 20.143 21.515
 18.572 17.858 14.604 14.830 12.915 14.437 15.109 16.352 19.832 19.995 19.951 18.255 17.468 18.032 16.647 17.927 15.614 16.244 14.308 14.473 12.923 10.038  7.078  9.660 12.286 10.840 10.889 14.347 15.487 14.788 16.766 19.531 19.758 19.536 20.151 17.235 16.409 12.957 13.161 13.719 10.744  7.648  5.706  5.790  6.944  9.657  9.592  6.461  3.826  0.000  3.837  6.617  9.046  7.767  9.311  9.240 11.918 10.165  8.198 11.606 11.017 14.610 16.654 17.128 13.967 13.084  9.715 10.158 10.380 11.441 13.631 14.572 18.045 19.843 21.750 23.248
 20.117 19.886 16.974 17.597 15.652 17.465 17.789 19.141 22.559 22.764 22.607 21.029 19.762 20.235 18.307 19.222 16.503 16.763 14.925 14.087 12.462  8.943  6.675  8.191 11.446 11.227 10.954 13.839 15.777 15.605 16.871 19.677 20.620 20.537 20.507 17.583 15.949 12.210 12.048 13.594 11.321  8.916  8.254  9.344 10.736 13.287 13.005  9.530  6.562  3.837  0.000  3.838  5.925  5.840  8.701 10.159 12.523 10.264  9.664 13.325 13.312 16.949 19.004 19.923 17.086 16.461 13.074 13.505 12.987 13.632 14.987 15.249 18.544 20.172 22.060 23.608
 19.238 19.165 16.605 17.449 15.497 17.748 17.907 19.751 22.938 22.876 22.313 20.759 18.890 19.260 16.885 17.629 14.887 15.331 14.231 12.840 10.515  6.723  4.799  4.755  8.312  9.016  8.511 10.725 13.139 13.494 14.252 16.871 18.350 18.575 18.166 15.565 13.571  9.720 10.165 12.424 10.442  9.291  9.079 11.381 13.023 16.089 16.084 12.870  9.626  6.617  3.838  0.000  3.853  5.687  8.170 10.281 12.997 11.467 11.640 14.897 14.443 17.736 19.226 20.231 17.919 17.333 13.983 14.581 13.378 14.268 14.914 15.263 18.354 19.793 21.877 23.563
 19.382 20.048 18.005 19.536 18.161 20.783 21.313 23.317 26.496 26.270 25.457 23.577 21.449 21.246 18.437 18.411 15.162 14.698 13.306 11.073  9.501  5.912  6.342  6.374  9.009 10.731 11.150 12.552 14.893 16.069 16.760 18.864 20.668 21.408 20.949 18.705 16.536 12.741 13.331 15.980 14.170 13.082 12.498 14.384 15.313 18.075 18.474 15.108 12.357  9.046  5.925  3.853  0.000  3.812  6.765 10.007 11.798 10.047 11.462 14.509 14.784 17.991 19.729 21.394 19.383 19.488 16.502 17.689 16.868 18.010 18.719 19.004 22.006 23.337 25.323 26.929
 17.267 18.111 16.086 17.924 17.067 19.791 20.918 22.941 26.202 25.837 24.957 22.684 20.791 20.202 17.524 17.259 13.838 12.921 10.725  9.024  8.368  5.428  6.064  8.102  9.977 10.785 12.160 14.066 15.580 16.731 18.209 20.114 21.373 22.300 22.470 20.279 18.697 14.886 15.768 17.843 15.376 13.627 12.034 13.112 13.136 15.577 16.538 13.343 11.348  7.767  5.840  5.687  3.812  0.000  3.834  6.930  8.291  6.285  7.821 10.794 11.455 14.761 16.916 18.859 16.766 17.364 14.751 16.506 16.513 18.131 19.560 20.308 23.553 25.046 27.020 28.558
 13.658 14.876 13.330 15.750 15.630 18.773 20.466 22.888 25.957 25.180 23.858 21.165 19.067 17.862 15.004 14.202 10.618  9.279  6.908  5.541  5.391  4.110  5.929  8.692  9.076  9.507 11.997 13.629 14.269 15.875 17.856 19.161 20.134 21.583 22.242 20.536 19.505 15.904 17.555 19.333 16.455 14.943 12.619 13.630 12.941 15.467 17.209 14.566 13.030  9.311  8.701  8.170  6.765  3.834  0.000  3.825  5.273  5.154  6.944  8.739  8.945 11.741 13.639 15.942 14.381 15.594 13.622 16.120 16.557 18.877 20.559 21.920 25.198 26.700 28.791 30.344
 10.969 11.862 10.158 12.706 13.134 16.292 18.517 21.002 23.961 22.981 21.553 18.571 16.768 15.305 12.853 12.178  8.950  7.974  5.193  6.242  6.274  6.345  6.835 10.366 10.189  9.209 12.182 14.238 13.958 15.199 17.871 19.006 19.261 20.739 22.037 20.459 20.128 16.780 18.712 19.819 16.484 14.755 11.692 12.126 10.662 13.089 15.439 13.476 12.601  9.240 10.159 10.281 10.007  6.930  3.825  0.000  3.854  5.485  5.476  6.204  5.321  8.061 10.025 12.269 10.679 12.264 10.872 13.907 15.043 17.843 20.026 21.919 25.267 26.863 28.974 30.487
 11.954 13.683 12.679 15.590 16.523 19.604 22.052 24.414 27.382 26.386 24.945 21.793 20.100 18.255 15.809 14.483 11.150  8.939  5.167  6.023  8.114  8.864 10.261 13.544 13.282 12.825 15.891 17.681 17.391 18.913 21.534 22.458 22.782 24.453 25.767 24.257 23.802 20.368 22.147 23.436 20.172 18.236 15.179 15.089 13.054 14.664 17.291 15.370 15.091 11.918 12.523 12.997 11.798  8.291  5.273  3.854  0.000  3.859  5.422  4.670  5.919  8.039 10.692 13.699 12.461 14.781 13.952 17.135 18.628 21.361 23.681 25.443 28.822 30.418 32.438 33.881
 15.552 16.888 15.278 17.656 17.892 20.617 22.652 24.619 27.841 27.247 26.248 23.413 21.948 20.656 18.319 17.492 14.099 12.242  8.698  8.430  9.955  9.222 10.145 13.324 14.108 13.929 16.318 18.454 18.868 20.042 22.364 23.835 24.389 25.622 26.578 24.597 23.713 20.041 21.195 22.655 19.620 17.284 14.607 14.270 12.557 13.895 15.936 13.472 13.181 10.165 10.264 11.467 10.047  6.285  5.154  5.485  3.859  0.000  3.836  5.460  7.800 10.844 13.888 16.480 14.518 16.247 14.739 17.355 18.673 20.855 23.137 24.410 27.822 29.450 31.341 32.742
 15.261 15.812 13.597 15.412 15.511 17.823 19.960 21.661 24.906 24.424 23.685 20.926 19.977 19.003 17.263 17.079 14.185 13.141  9.769 10.681 11.424 10.456 10.033 13.672 14.682 13.529 15.679 18.411 18.529 19.030 21.704 23.426 23.460 24.325 25.606 23.433 22.964 19.441 20.495 21.352 18.062 15.335 12.296 11.228  9.026 10.116 12.369 10.302 10.632  8.198  9.664 11.640 11.462  7.821  6.944  5.476  5.422  3.836  0.000  3.854  5.601  9.213 12.474 14.427 11.842 13.256 11.774 14.294 16.090 18.287 20.975 22.467 25.931 27.664 29.513 30.867
 13.385 14.314 12.748 15.045 16.063 18.524 21.212 23.108 26.111 25.293 24.237 21.108 20.204 18.627 17.023 16.335 13.664 12.192  8.616 10.523 12.063 12.291 12.419 16.138 16.348 14.978 17.715 20.184 19.650 20.405 23.411 24.646 24.371 25.607 27.294 25.500 25.419 22.071 23.537 24.231 20.747 18.211 14.818 13.582 10.676 11.266 14.281 13.031 13.865 11.606 13.325 14.897 14.509 10.794  8.739  6.204  4.670  5.460  3.854  0.000  3.841  6.392 10.028 12.504 10.526 12.931 12.552 15.669 17.957 20.603 23.478 25.359 28.802 30.523 32.402 33.726
 10.618 10.878  9.007 11.253 12.519 15.122 18.032 20.194 23.007 21.944 20.665 17.421 16.506 14.878 13.519 13.170 10.991 10.401  7.593 10.363 10.982 11.511 11.079 14.836 14.612 12.557 15.417 17.925 16.882 17.424 20.701 21.771 21.128 22.392 24.384 22.814 23.186 20.139 21.982 22.311 18.651 16.433 12.783 11.819  8.935 10.280 13.519 12.731 13.259 11.017 13.312 14.443 14.784 11.455  8.945  5.321  5.919  7.800  5.601  3.841  0.000  3.830  6.968  8.995  6.946  9.431  9.387 12.862 15.235 18.273 21.169 23.469 26.846 28.550 30.535 31.907
  8.516  8.978  8.190 10.865 13.194 15.833 19.173 21.530 23.952 22.506 20.844 17.298 16.421 14.134 13.084 12.244 10.748 10.101  7.950 11.500 12.453 13.937 13.878 17.432 16.488 14.283 17.480 19.604 17.890 18.624 22.116 22.625 21.620 23.241 25.626 24.524 25.313 22.564 24.775 24.926 21.199 19.307 15.571 14.668 11.642 12.650 16.188 15.996 16.713 14.610 16.949 17.736 17.991 14.761 11.741  8.061  8.039 10.844  9.213  6.392  3.830  0.000  3.838  6.596  6.047  9.587 10.890 14.617 17.213 20.568 23.482 26.122 29.393 31.046 33.057 34.404
  5.729  5.658  5.989  8.972 12.077 14.878 18.392 21.096 23.085 21.238 19.099 15.374 14.274 11.443 10.656  9.636  9.188  9.339  8.685 12.468 12.870 14.913 14.854 18.018 16.402 13.946 17.260 18.959 16.597 17.419 21.021 20.993 19.646 21.573 24.266 23.681 24.905 22.578 25.209 25.161 21.456 20.126 16.468 16.074 13.467 14.899 18.336 18.407 18.777 16.654 19.004 19.226 19.729 16.916 13.639 10.025 10.692 13.888 12.474 10.028  6.968  3.838  0.000  3.843  5.581  9.107 11.134 14.883 17.255 20.893 23.589 26.562 29.655 31.216 33.312 34.688
  7.669  5.443  4.877  6.391  9.884 12.133 15.823 18.435 20.086 18.097 15.951 12.227 11.746  9.213  9.703  9.895 10.601 11.933 11.823 15.456 15.107 16.717 15.880 18.883 17.388 14.315 17.132 19.042 16.364 16.451 20.231 20.260 18.292 19.857 22.916 22.405 24.144 22.238 24.863 24.258 20.548 19.367 15.779 15.265 12.881 14.292 17.547 18.226 18.684 17.128 19.923 20.231 21.394 18.859 15.942 12.269 13.699 16.480 14.427 12.504  8.995  6.596  3.843  0.000  3.843  6.640  9.577 12.990 15.536 19.209 21.979 25.225 28.148 29.689 31.746 33.075
 10.047  7.993  5.491  6.046  8.400 10.337 13.928 16.177 18.312 16.782 15.262 11.809 11.783 10.282 10.697 11.602 11.512 12.803 11.874 15.225 14.692 15.465 14.019 17.305 16.570 13.313 15.732 18.284 16.179 15.765 19.534 20.283 18.472 19.465 22.293 21.167 22.671 20.509 22.709 22.001 18.217 16.521 12.814 11.768  9.141 10.507 13.738 14.481 15.166 13.967 17.086 17.919 19.383 16.766 14.381 10.679 12.461 14.518 11.842 10.526  6.946  6.047  5.581  3.843  0.000  3.828  6.485  9.977 12.935 16.419 19.496 22.560 25.626 27.275 29.262 30.574
 12.587  9.808  6.466  4.683  5.645  6.728 10.299 12.407 14.572 13.188 12.024  8.919  9.595  9.347 10.522 12.582 12.888 14.927 14.332 17.261 15.980 16.071 13.807 16.748 16.425 12.784 14.363 17.239 15.270 13.985 17.713 18.870 16.762 17.096 19.979 18.627 20.417 18.590 20.590 19.371 15.654 14.057 10.597  9.573  7.774  9.564 12.082 13.184 13.627 13.084 16.461 17.333 19.488 17.364 15.594 12.264 14.781 16.247 13.256 12.931  9.431  9.587  9.107  6.640  3.828  0.000  3.819  6.617  9.708 13.124 16.267 19.480 22.418 24.074 26.039 27.348
 13.868 11.461  7.675  6.128  4.751  6.115  8.784 10.901 13.716 12.842 12.100  9.596  9.756 10.311 10.711 13.036 12.676 14.763 14.004 16.263 14.507 13.780 10.943 13.750 14.076 10.493 11.483 14.781 13.519 11.959 15.431 17.217 15.602 15.556 17.925 16.040 17.405 15.316 17.037 15.924 12.165 10.324  6.800  6.133  5.370  8.351 10.118 10.502 10.242  9.715 13.074 13.983 16.502 14.751 13.622 10.872 13.952 14.739 11.774 12.552  9.387 10.890 11.134  9.577  6.485  3.819  0.000  3.830  6.617 10.007 13.155 16.144 19.264 21.001 23.048 24.468
 17.408 14.758 10.997  8.595  5.788  4.946  6.189  7.532 10.723 10.512 10.715  9.360 10.301 12.099 12.986 15.866 15.738 18.090 17.455 19.345 17.222 15.883 12.497 14.680 15.612 12.095 11.866 15.379 14.568 12.115 15.144 17.478 15.745 14.772 16.927 14.602 16.124 14.462 15.618 13.811 10.308  8.412  5.806  5.050  6.242  8.906  9.251 10.017  9.498 10.158 13.505 14.581 17.689 16.506 16.120 13.907 17.135 17.355 14.294 15.669 12.862 14.617 14.883 12.990  9.977  6.617  3.830  0.000  3.821  6.658 10.109 13.148 16.144 17.928 19.900 21.307
 18.759 16.159 12.545 10.177  6.513  5.824  4.904  6.617  9.844  9.893 10.179  9.691  9.982 12.474 13.033 16.189 16.097 18.762 18.584 19.910 17.205 15.456 11.823 13.055 14.236 10.977  9.624 13.049 12.747  9.765 12.207 14.988 13.560 12.036 13.696 11.047 12.540 11.236 12.317 10.203  6.836  5.881  4.795  6.285  8.957 12.005 11.626 11.590  9.868 10.380 12.987 13.378 16.868 16.513 16.557 15.043 18.628 18.673 16.090 17.957 15.235 17.213 17.255 15.536 12.935  9.708  6.617  3.821  0.000  3.820  6.623  9.895 12.858 14.640 16.875 18.520
 22.468 19.939 16.325 13.923 10.242  8.860  6.590  6.431  9.656 10.738 12.044 12.551 13.178 16.022 16.599 19.776 19.546 22.106 21.776 22.754 19.977 17.713 13.926 14.611 16.456 13.691 11.524 14.844 15.261 12.044 13.571 16.823 15.700 13.446 14.375 11.171 12.260 11.349 11.292  8.505  6.136  5.167  6.346  7.541 10.945 13.498 12.027 11.913  9.961 11.441 13.632 14.268 18.010 18.131 18.877 17.843 21.361 20.855 18.287 20.603 18.273 20.568 20.893 19.209 16.419 13.124 10.007  6.658  3.820  0.000  3.822  6.667  9.635 11.589 13.766 15.494
 24.447 21.976 18.592 16.266 12.474 11.324  8.342  8.274 10.609 11.776 13.054 14.199 14.368 17.482 17.857 21.086 20.959 23.688 23.749 24.316 21.186 18.756 15.088 14.803 16.709 14.456 11.488 14.197 15.113 11.726 12.187 15.675 14.954 12.170 12.250  8.799  9.698  9.700  9.202  5.723  4.979  6.168  8.749 10.843 14.404 17.126 15.529 14.999 12.492 13.631 14.987 14.914 18.719 19.560 20.559 20.026 23.681 23.137 20.975 23.478 21.169 23.482 23.589 21.979 19.496 16.267 13.155 10.109  6.623  3.822  0.000  3.824  6.423  8.435 11.081 13.180
 27.400 25.185 21.788 19.722 15.962 14.961 12.041 11.498 13.666 15.184 16.701 17.938 17.998 21.001 21.064 24.092 23.609 26.077 25.934 26.078 22.975 20.115 16.537 15.818 18.284 16.645 13.376 15.864 17.496 14.425 14.174 17.868 17.739 14.909 14.156 10.508 10.253 10.275  8.369  5.081  6.341  7.303 10.751 12.715 16.477 18.981 16.853 15.885 13.134 14.572 15.249 15.263 19.004 20.308 21.920 21.919 25.443 24.410 22.467 25.359 23.469 26.122 26.562 25.225 22.560 19.480 16.144 13.148  9.895  6.667  3.824  0.000  3.835  6.348  8.957 11.208
 30.294 27.958 24.672 22.420 18.650 17.363 14.091 13.185 14.624 16.339 18.087 19.877 20.055 23.289 23.540 26.680 26.440 29.059 29.131 29.214 25.992 23.182 19.716 18.650 20.963 19.482 16.034 18.032 19.680 16.507 15.704 19.237 19.115 15.918 14.753 11.468 11.327 12.339 10.269  7.085  9.337 10.828 14.203 16.112 19.827 22.207 19.948 19.172 16.546 18.045 18.544 18.354 22.006 23.553 25.198 25.267 28.822 27.822 25.931 28.802 26.846 29.393 29.655 28.148 25.626 22.418 19.264 16.144 12.858  9.635  6.423  3.835  0.000  3.833  6.550  9.024
 31.670 29.337 26.156 23.900 20.174 18.876 15.545 14.623 15.757 17.422 19.168 21.132 21.265 24.526 24.784 27.908 27.745 30.400 30.599 30.596 27.318 24.546 21.206 19.920 22.137 20.827 17.335 19.019 20.714 17.621 16.521 19.895 19.873 16.632 15.227 12.264 12.041 13.416 11.322  8.582 11.067 12.773 16.070 18.037 21.702 24.089 21.859 21.088 18.460 19.843 20.172 19.793 23.337 25.046 26.700 26.863 30.418 29.450 27.664 30.523 28.550 31.046 31.216 29.689 27.275 24.074 21.001 17.928 14.640 11.589  8.435  6.348  3.833  0.000  3.845  6.763
 33.923 31.576 28.378 26.071 22.402 20.920 17.620 16.350 17.297 19.097 21.086 23.181 23.526 26.796 27.155 30.270 30.098 32.690 32.789 32.780 29.590 26.776 23.473 22.254 24.542 23.277 19.882 21.554 23.246 20.209 19.135 22.398 22.339 19.108 17.741 14.992 14.731 16.027 13.798 11.413 13.741 15.069 18.255 19.900 23.480 25.615 23.202 22.555 20.143 21.750 22.060 21.877 25.323 27.020 28.791 28.974 32.438 31.341 29.513 32.402 30.535 33.057 33.312 31.746 29.262 26.039 23.048 19.900 16.875 13.766 11.081  8.957  6.550  3.845  0.000  3.811
 35.413 33.045 29.857 27.509 23.921 22.315 19.096 17.644 18.441 20.265 22.379 24.534 25.034 28.290 28.745 31.851 31.710 34.268 34.315 34.344 31.229 28.441 25.175 24.051 26.320 25.043 21.764 23.426 25.042 22.045 21.040 24.180 24.051 20.861 19.584 17.024 16.829 18.078 15.912 13.697 15.817 16.907 19.913 21.311 24.769 26.709 24.225 23.718 21.515 23.248 23.608 23.563 26.929 28.558 30.344 30.487 33.881 32.742 30.867 33.726 31.907 34.404 34.688 33.075 30.574 27.348 24.468 21.307 18.520 15.494 13.180 11.208  9.024  6.763  3.811  0.000
