  0.000  3.832  6.703 10.299 13.218 16.660 19.729 23.028 24.692 22.569 19.835 16.213 13.896 10.404  8.332  5.525  5.454  5.839  7.611 10.767 10.716 13.728 14.530 16.823 14.180 12.440 16.064 16.625 13.914 15.763 18.940 18.051 17.169 19.889 22.334 22.460 23.574 21.522 24.673 25.083 21.702 21.189 17.993 18.765 17.012 19.250 22.331 21.835 21.293 18.560 20.113 19.242 19.392 17.268 13.660 10.953 11.933 15.530 15.222 13.328 10.555  8.469  5.713  7.688 10.036 12.598 13.879 17.407 18.755 22.458 24.471 27.366 30.265 31.806 34.071 35.618
  3.832  0.000  3.827  6.856 10.086 13.308 16.468 19.771 21.214 18.977 16.177 12.515 10.426  6.902  5.795  4.679  6.295  8.420  9.992 13.164 12.251 14.556 14.383 16.653 14.254 11.659 14.834 15.761 12.683 13.725 17.210 16.478 14.913 17.301 20.139 20.271 21.885 20.183 23.338 23.216 19.775 19.387 16.204 16.940 15.415 17.755 20.666 20.597 20.085 17.816 19.847 19.127 20.017 18.078 14.847 11.823 13.647 16.844 15.753 14.250 10.806  8.932  5.645  5.473  7.983  9.814 11.447 14.734 16.127 19.904 21.978 25.135 27.926 29.504 31.779 33.313
  6.703  3.827  0.000  3.818  6.724 10.039 13.258 16.452 18.241 16.289 13.893 10.251  8.542  6.033  5.393  6.328  7.011  9.479 10.145 13.174 11.784 13.145 12.088 14.644 12.964  9.742 12.534 14.269 11.581 11.807 15.536 15.620 13.948 15.654 18.464 17.997 19.596 17.738 20.606 20.229 16.635 15.939 12.636 13.215 11.842 14.391 17.086 17.079 16.563 14.599 16.987 16.631 18.043 16.115 13.367 10.175 12.686 15.274 13.563 12.698  8.948  8.139  5.968  4.849  5.434  6.434  7.657 10.972 12.535 16.310 18.622 21.772 24.667 26.359 28.620 30.165
 10.299  6.856  3.818  0.000  3.821  6.517  9.921 13.068 14.630 12.602 10.281  6.624  5.784  4.707  6.200  8.796 10.140 13.035 13.657 16.455 14.618 15.275 13.361 15.635 14.435 10.746 12.527 14.634 11.939 10.954 14.773 15.210 12.865 13.811 16.959 16.376 18.515 17.140 19.821 18.768 15.223 14.672 11.607 12.068 11.226 13.748 15.983 16.521 16.048 14.842 17.619 17.475 19.571 17.959 15.792 12.736 15.612 17.666 15.401 15.024 11.232 10.851  8.976  6.391  6.039  4.686  6.128  8.582 10.177 13.923 16.311 19.733 22.452 24.178 26.417 27.930
 13.218 10.086  6.724  3.821  0.000  3.823  6.602  9.936 11.877 10.269  8.519  5.702  5.070  6.363  7.503 10.770 11.628 14.691 15.160 17.350 14.945 14.692 12.019 13.878 13.367  9.529 10.209 12.806 10.724  8.730 12.405 13.645 11.411 11.481 14.370 13.239 15.395 14.150 16.567 15.189 11.683 11.302  8.661  9.652  9.972 12.961 14.378 14.723 13.734 12.932 15.676 15.519 18.189 17.097 15.664 13.158 16.540 17.900 15.502 16.046 12.503 13.184 12.086  9.888  8.401  5.659  4.758  5.772  6.513 10.245 12.521 15.980 18.691 20.460 22.754 24.341
 16.660 13.308 10.039  6.517  3.823  0.000  3.832  6.670  8.490  7.065  6.211  4.558  6.332  8.832 10.898 14.335 15.421 18.456 18.725 20.949 18.571 17.967 14.921 16.616 16.598 12.822 12.688 15.451 13.659 10.898 14.138 15.711 13.083 12.141 15.106 13.735 16.289 15.562 17.439 15.298 12.088 11.628  9.573  9.882 10.616 13.011 13.801 14.882 14.253 14.450 17.479 17.757 20.799 19.813 18.803 16.317 19.622 20.623 17.817 18.515 15.120 15.836 14.896 12.146 10.355  6.755  6.121  4.933  5.831  8.870 11.375 14.997 17.431 19.240 21.388 22.866
 19.729 16.468 13.258  9.921  6.602  3.832  0.000  3.837  5.821  5.377  5.774  6.389  7.935 11.275 13.092 16.732 17.743 20.913 21.306 23.077 20.317 19.198 15.843 16.838 17.258 13.765 12.551 15.234 14.018 10.587 13.059 15.138 12.652 10.677 13.203 11.488 14.219 14.107 15.566 12.868 10.236 10.433  9.647 10.556 12.421 14.905 14.783 15.653 14.502 15.150 17.827 17.929 21.336 20.949 20.497 18.543 22.072 22.669 19.970 21.215 18.036 19.178 18.403 15.829 13.947 10.331  8.806  6.205  4.941  6.651  8.442 12.136 14.237 16.005 18.190 19.739
 23.028 19.771 16.452 13.068  9.936  6.670  3.837  0.000  3.853  5.595  7.762  9.274 11.463 14.777 16.718 20.309 21.187 24.205 24.287 26.029 23.370 21.932 18.381 19.368 20.267 16.913 15.370 18.209 17.394 13.848 15.865 18.237 15.867 13.391 15.482 13.425 15.968 16.057 16.771 13.627 11.545 11.382 11.210 11.395 13.488 15.337 14.489 15.818 15.019 16.492 19.257 19.819 23.389 23.044 22.987 21.107 24.524 24.734 21.785 23.227 20.306 21.631 21.180 18.507 16.288 12.526 11.015  7.664  6.711  6.560  8.355 11.606 13.330 15.103 16.989 18.371
 24.692 21.214 18.241 14.630 11.877  8.490  5.821  3.853  0.000  3.840  6.740  9.443 12.012 15.547 17.968 21.678 23.065 26.319 26.754 28.611 25.856 24.668 21.237 21.991 22.550 19.196 17.620 20.011 18.878 15.243 17.002 18.951 16.197 13.492 15.770 14.356 17.377 18.122 18.994 15.677 14.067 14.499 14.488 14.847 16.741 18.458 17.747 19.262 18.505 19.879 22.564 22.872 26.433 26.187 25.944 23.972 27.409 27.873 24.965 26.178 23.067 24.014 23.130 20.142 18.411 14.690 13.787 10.808  9.844  9.702 10.599 13.700 14.722 16.202 17.936 19.181
 22.569 18.977 16.289 12.602 10.269  7.065  5.377  5.595  3.840  0.000  3.811  6.814  9.595 13.068 15.789 19.493 21.226 24.598 25.307 27.352 24.634 23.856 20.656 21.514 21.583 18.102 16.945 19.099 17.454 14.008 16.107 17.565 14.468 12.196 15.021 14.149 17.457 18.165 19.596 16.552 14.592 15.188 14.638 15.182 16.660 18.567 18.458 19.927 19.171 20.060 22.802 22.866 26.259 25.858 25.198 23.012 26.424 27.287 24.478 25.348 21.995 22.556 21.277 18.147 16.870 13.300 12.921 10.605  9.953 10.841 11.872 15.296 16.508 17.926 19.778 21.042
 19.835 16.177 13.893 10.281  8.519  6.211  5.774  7.762  6.740  3.811  0.000  3.834  6.458  9.878 12.862 16.543 18.668 22.185 23.279 25.441 22.733 22.430 19.578 20.452 19.924 16.399 15.740 17.508 15.286 12.184 14.635 15.453 12.030 10.481 13.868 13.654 17.134 17.755 19.822 17.204 14.928 15.759 14.722 15.639 16.737 18.976 19.488 20.707 19.813 20.055 22.709 22.398 25.537 25.040 23.930 21.613 24.998 26.307 23.738 24.271 20.694 20.859 19.103 15.953 15.302 12.093 12.176 10.806 10.295 12.200 13.261 16.913 18.368 19.778 21.833 23.206
 16.213 12.515 10.251  6.624  5.702  4.558  6.389  9.274  9.443  6.814  3.834  0.000  3.826  6.606  9.797 13.342 15.477 18.887 19.932 22.349 19.907 19.991 17.428 18.773 17.914 14.225 14.394 16.267 13.653 11.154 14.320 14.872 11.544 11.076 14.663 14.428 17.570 17.492 19.913 17.818 14.947 15.313 13.457 14.220 14.650 16.980 18.144 19.247 18.534 18.297 21.073 20.796 23.617 22.727 21.208 18.604 21.820 23.435 20.936 21.106 17.420 17.295 15.376 12.228 11.828  8.959  9.627  9.386  9.732 12.611 14.310 18.038 20.031 21.595 23.757 25.192
 13.896 10.426  8.542  5.784  5.070  6.332  7.935 11.463 12.012  9.595  6.458  3.826  0.000  3.843  6.470 10.174 12.441 16.068 17.609 19.742 17.065 17.407 15.222 16.230 14.853 11.355 11.819 13.145 10.171  8.172 11.499 11.576  8.386  8.883 12.468 12.666 15.607 15.417 18.341 16.817 13.938 14.762 12.911 14.472 15.013 17.892 19.260 19.683 18.446 17.488 19.789 18.915 21.475 20.814 19.088 16.775 20.101 21.947 19.960 20.173 16.472 16.391 14.257 11.732 11.775  9.613  9.767 10.298  9.995 13.213 14.465 18.076 20.189 21.664 24.000 25.575
 10.404  6.902  6.033  4.707  6.363  8.832 11.275 14.777 15.547 13.068  9.878  6.606  3.843  0.000  3.819  6.976  9.761 13.293 15.134 17.578 15.310 16.446 14.983 16.357 14.331 11.029 12.658 13.610 10.168  9.575 13.073 12.446  9.711 11.438 14.829 15.298 17.810 17.135 20.334 19.377 16.280 16.777 14.364 15.737 15.508 18.296 20.304 20.578 19.549 18.025 20.236 19.263 21.252 20.203 17.863 15.289 18.234 20.631 18.960 18.571 14.817 14.081 11.407  9.191 10.257  9.349 10.305 12.080 12.466 16.030 17.548 21.037 23.372 24.853 27.185 28.746
  8.332  5.795  5.393  6.200  7.503 10.898 13.092 16.718 17.968 15.789 12.862  9.797  6.470  3.819  0.000  3.814  6.265  9.988 12.223 14.267 11.827 13.259 12.371 13.578 11.077  8.188 10.527 11.030  7.554  8.281 11.667 10.865  9.193 11.667 14.415 14.827 16.659 15.506 18.922 18.665 15.584 16.135 13.725 15.573 15.387 18.508 20.590 20.201 18.791 16.620 18.288 16.871 18.428 17.509 14.990 12.821 15.779 18.284 17.209 16.958 13.445 13.033 10.636  9.700 10.670 10.519 10.695 12.948 12.997 16.573 17.882 21.049 23.561 24.996 27.394 29.039
  5.525  4.679  6.328  8.796 10.770 14.335 16.732 20.309 21.678 19.493 16.543 13.342 10.174  6.976  3.814  0.000  3.827  7.155 10.082 12.138 10.286 12.715 12.925 14.238 11.173  9.225 12.357 12.297  9.051 11.022 13.981 12.706 11.815 14.797 17.162 17.731 19.077 17.584 21.063 21.352 18.301 18.660 16.075 17.798 17.131 20.093 22.542 21.885 20.572 17.913 19.217 17.630 18.418 17.258 14.200 12.154 14.463 17.471 17.039 16.281 13.103 12.200  9.621  9.900 11.583 12.587 13.036 15.844 16.165 19.755 21.109 24.067 26.681 28.073 30.444 32.076
  5.454  6.295  7.011 10.140 11.628 15.421 17.743 21.187 23.065 21.226 18.668 15.477 12.441  9.761  6.265  3.827  0.000  3.823  6.684  8.385  6.588  9.341 10.213 11.822  8.857  7.551 11.241 11.412  9.103 11.539 14.306 13.650 13.588 16.338 18.155 18.147 18.776 16.612 19.870 20.684 17.585 17.545 14.889 16.610 15.842 18.850 21.297 20.126 18.702 15.623 16.518 14.904 15.181 13.849 10.625  8.937 11.138 14.092 14.166 13.629 10.945 10.728  9.206 10.636 11.521 12.923 12.711 15.751 16.101 19.545 20.989 23.580 26.416 27.842 30.178 31.832
  5.839  8.420  9.479 13.035 14.691 18.456 20.913 24.205 26.319 24.598 22.185 18.887 16.068 13.293  9.988  7.155  3.823  0.000  3.878  5.445  5.401  8.988 10.988 12.885 10.189  9.866 13.666 13.837 12.220 14.886 17.402 16.865 17.204 19.943 21.497 21.283 21.450 18.883 21.875 23.102 20.020 19.566 16.798 18.166 16.952 19.615 22.278 20.827 19.629 16.257 16.776 15.345 14.714 12.932  9.290  7.974  8.940 12.247 13.139 12.178 10.382 10.115  9.392 11.994 12.834 14.975 14.811 18.117 18.773 22.104 23.705 26.025 28.995 30.427 32.683 34.299
  7.611  9.992 10.145 13.657 15.160 18.725 21.306 24.287 26.754 25.307 23.279 19.932 17.609 15.134 12.223 10.082  6.684  3.878  0.000  3.840  5.542  8.326 10.283 12.979 11.284 10.833 14.506 15.473 14.416 16.578 19.246 19.372 19.653 21.938 23.452 22.654 22.580 19.575 22.096 23.356 20.114 18.963 15.953 16.707 15.033 17.298 20.071 18.483 17.681 14.312 14.930 14.237 13.315 10.732  6.916  5.194  5.167  8.701  9.768  8.605  7.582  7.973  8.742 11.875 11.898 14.368 14.043 17.478 18.591 21.763 23.745 25.856 29.022 30.572 32.725 34.288
 10.767 13.164 13.174 16.455 17.350 20.949 23.077 26.029 28.611 27.352 25.441 22.349 19.742 17.578 14.267 12.138  8.385  5.445  3.840  0.000  3.837  6.534  9.647 11.625 10.090 10.946 14.305 14.801 14.557 17.124 19.165 19.393 20.396 22.689 23.609 22.732 22.043 18.851 21.196 23.031 20.167 19.219 16.738 17.955 16.832 19.291 21.633 19.466 18.154 14.477 14.091 12.847 11.083  9.029  5.545  6.238  6.025  8.439 10.685 10.520 10.356 11.524 12.525 15.508 15.247 17.295 16.302 19.364 19.912 22.733 24.299 25.982 29.079 30.491 32.607 34.195
 10.716 12.251 11.784 14.618 14.945 18.571 20.317 23.370 25.856 24.634 22.733 19.907 17.065 15.310 11.827 10.286  6.588  5.401  5.542  3.837  0.000  3.841  6.833  8.291  6.316  7.375 10.666 10.985 10.905 13.528 15.386 15.728 16.914 19.119 19.859 19.016 18.319 15.250 17.833 19.648 16.901 16.425 14.267 16.147 15.727 18.734 20.708 18.499 16.617 12.929 12.468 10.522  9.509  8.372  5.391  6.262  8.111  9.957 11.420 12.052 10.965 12.468 12.923 15.158 14.713 16.018 14.546 17.236 17.203 19.956 21.172 22.887 25.876 27.233 29.438 31.100
 13.728 14.556 13.145 15.275 14.692 17.967 19.198 21.932 24.668 23.856 22.430 19.991 17.407 16.446 13.259 12.715  9.341  8.988  8.326  6.534  3.841  0.000  3.832  5.235  5.118  6.547  8.828  9.826 10.879 12.840 14.339 15.560 16.984 18.531 18.827 17.352 16.147 12.689 14.762 16.814 14.249 13.576 11.896 14.012 14.231 17.378 18.756 16.124 13.783 10.048  8.952  6.731  5.917  5.433  4.110  6.338  8.862  9.225 10.458 12.287 11.502 13.955 14.965 16.764 15.486 16.108 13.820 15.898 15.455 17.688 18.727 20.010 23.037 24.397 26.546 28.226
 14.530 14.383 12.088 13.361 12.019 14.921 15.843 18.381 21.237 20.656 19.578 17.428 15.222 14.983 12.371 12.925 10.213 10.988 10.283  9.647  6.833  3.832  0.000  3.846  5.379  4.973  6.318  8.675  9.863 10.701 12.457 14.413 15.405 16.289 16.694 14.709 13.720 10.162 12.061 13.615 10.745  9.815  8.131 10.543 11.378 14.809 15.773 13.237 10.584  7.086  6.683  4.803  6.341  6.062  5.923  6.819 10.248 10.133 10.020 12.401 11.058 13.880 14.889 15.910 14.027 13.833 10.975 12.506 11.820 13.900 15.060 16.438 19.582 21.093 23.297 25.021
 16.823 16.653 14.644 15.635 13.878 16.616 16.838 19.368 21.991 21.514 20.452 18.773 16.230 16.357 13.578 14.238 11.822 12.885 12.979 11.625  8.291  5.235  3.846  0.000  3.848  5.428  5.068  6.279  8.798  9.903 10.472 12.575 14.395 15.195 14.778 12.893 11.178  7.605  9.693 11.975  9.946 10.200  9.853 12.995 14.574 18.106 18.602 15.940 12.753  9.662  8.196  4.758  6.375  8.103  8.691 10.354 13.539 13.320 13.661 16.124 14.816 17.436 18.056 18.915 17.312 16.770 13.772 14.671 13.032 14.568 14.758 15.706 18.512 19.751 21.998 23.805
 14.180 14.254 12.964 14.435 13.367 16.598 17.258 20.267 22.550 21.583 19.924 17.914 14.853 14.331 11.077 11.173  8.857 10.189 11.284 10.090  6.316  5.118  5.379  3.848  0.000  3.860  5.383  4.923  6.341  8.780  9.659 10.625 12.522 14.228 14.207 13.264 12.212  9.369 12.343 14.289 12.111 12.810 11.854 14.933 15.975 19.572 20.645 18.364 15.535 12.294 11.453  8.315  9.009  9.979  9.079 10.182 13.283 14.110 14.678 16.339 14.595 16.500 16.453 17.439 16.593 16.467 14.115 15.616 14.224 16.428 16.691 18.203 20.871 22.051 24.384 26.178
 12.440 11.659  9.742 10.746  9.529 12.822 13.765 16.913 19.196 18.102 16.399 14.225 11.355 11.029  8.188  9.225  7.551  9.866 10.833 10.946  7.375  6.547  4.973  5.428  3.860  0.000  3.848  5.402  5.120  6.461  8.747  9.994 10.724 12.187 13.044 11.928 11.868  9.246 12.373 13.334 10.431 10.853  9.217 12.175 13.116 16.799 18.016 16.251 13.726 10.853 11.239  9.021 10.732 10.786  9.505  9.195 12.815 13.921 13.515 14.955 12.528 14.280 13.978 14.351 13.329 12.824 10.533 12.104 10.975 13.680 14.465 16.597 19.436 20.854 23.268 25.063
 16.064 14.834 12.534 12.527 10.209 12.688 12.551 15.370 17.620 16.945 15.740 14.394 11.819 12.658 10.527 12.357 11.241 13.666 14.506 14.305 10.666  8.828  6.318  5.068  5.383  3.848  0.000  3.841  5.402  5.044  6.248  8.793  9.877 10.306 10.398  8.621  8.169  5.509  8.778  9.659  7.144  8.527  8.228 11.848 13.840 17.603 18.047 16.196 13.141 10.896 10.964  8.515 11.151 12.160 11.994 12.165 15.879 16.306 15.659 17.688 15.384 17.468 17.280 17.152 15.732 14.386 11.502 11.852  9.601 11.498 11.484 13.328 15.995 17.349 19.851 21.756
 16.625 15.761 14.269 14.634 12.806 15.451 15.234 18.209 20.011 19.099 17.508 16.267 13.145 13.610 11.030 12.297 11.412 13.837 15.473 14.801 10.985  9.826  8.675  6.279  4.923  5.402  3.841  0.000  3.845  5.410  4.904  6.365  8.752 10.009  9.420  8.833  8.070  6.400 10.074 11.498  9.967 12.042 12.050 15.661 17.490 21.252 21.844 19.932 16.825 14.356 13.852 10.734 12.558 14.071 13.631 14.225 17.675 18.450 18.398 20.162 17.894 19.597 18.986 19.071 18.290 17.267 14.804 15.364 13.021 14.817 14.195 15.823 18.011 19.020 21.496 23.382
 13.914 12.683 11.581 11.939 10.724 13.659 14.018 17.394 18.878 17.454 15.286 13.653 10.171 10.168  7.554  9.051  9.103 12.220 14.416 14.557 10.905 10.879  9.863  8.798  6.341  5.120  5.402  3.845  0.000  3.854  5.336  5.099  6.273  8.599  9.386  9.699 10.390  9.363 13.124 13.735 11.621 13.445 12.619 15.876 17.174 20.873 21.947 20.554 17.916 15.493 15.788 13.147 14.900 15.585 14.272 13.945 17.385 18.863 18.511 19.623 16.846 17.878 16.618 16.391 16.186 15.300 13.541 14.553 12.721 15.243 15.134 17.482 19.700 20.826 23.331 25.154
 15.763 13.725 11.807 10.954  8.730 10.898 10.587 13.848 15.243 14.008 12.184 11.154  8.172  9.575  8.281 11.022 11.539 14.886 16.578 17.124 13.528 12.840 10.701  9.903  8.780  6.461  5.044  5.410  3.854  0.000  3.849  5.437  5.063  5.749  7.088  6.765  8.469  8.055 11.579 11.202  8.993 11.160 10.721 14.015 15.824 19.490 20.137 19.103 16.485 14.788 15.608 13.492 16.066 16.730 15.873 15.185 18.903 20.029 19.005 20.373 17.385 18.607 17.433 16.471 15.767 14.010 11.972 12.091  9.734 12.027 11.758 14.432 16.561 17.809 20.391 22.257
 18.940 17.210 15.536 14.773 12.405 14.138 13.059 15.865 17.002 16.107 14.635 14.320 11.499 13.073 11.667 13.981 14.306 17.402 19.246 19.165 15.386 14.339 12.457 10.472  9.659  8.747  6.248  4.904  5.336  3.849  0.000  3.841  5.565  5.572  4.575  4.787  5.808  6.618 10.149 10.181  9.278 12.330 12.948 16.557 18.831 22.532 22.776 21.437 18.413 16.775 16.884 14.259 16.764 18.213 17.858 17.860 21.528 22.358 21.687 23.386 20.668 22.104 21.038 20.251 19.538 17.738 15.446 15.121 12.176 13.553 12.214 14.189 15.773 16.667 19.251 21.170
 18.051 16.478 15.620 15.210 13.645 15.711 15.138 18.237 18.951 17.565 15.453 14.872 11.576 12.446 10.865 12.706 13.650 16.865 19.372 19.393 15.728 15.560 14.413 12.575 10.625  9.994  8.793  6.365  5.099  5.437  3.841  0.000  3.845  6.042  5.824  7.961  9.277 10.193 13.796 13.980 12.990 15.824 15.909 19.348 21.150 24.831 25.511 24.312 21.488 19.540 19.692 16.884 18.876 20.125 19.169 18.998 22.457 23.835 23.412 24.622 21.736 22.612 21.009 20.282 20.287 18.896 17.231 17.453 14.954 16.806 15.709 17.890 19.323 20.075 22.558 24.358
 17.169 14.913 13.948 12.865 11.411 13.083 12.652 15.867 16.197 14.468 12.030 11.544  8.386  9.711  9.193 11.815 13.588 17.204 19.653 20.396 16.914 16.984 15.405 14.395 12.522 10.724  9.877  8.752  6.273  5.063  5.565  3.845  0.000  3.833  6.079  8.291 10.900 11.923 15.393 14.708 13.223 15.789 15.456 18.503 20.096 23.602 24.410 23.761 21.334 19.755 20.623 18.351 20.669 21.373 20.133 19.244 22.769 24.375 23.430 24.332 21.081 21.593 19.646 18.299 18.465 16.777 15.602 15.709 13.520 15.684 15.003 17.782 19.235 20.160 22.643 24.386
 19.889 17.301 15.654 13.811 11.481 12.141 10.677 13.391 13.492 12.196 10.481 11.076  8.883 11.438 11.667 14.797 16.338 19.943 21.938 22.689 19.119 18.531 16.289 15.195 14.228 12.187 10.306 10.009  8.599  5.749  5.572  6.042  3.833  0.000  3.853  5.700  9.173 10.967 13.876 12.417 11.393 14.297 14.626 17.648 19.773 23.184 23.453 22.975 20.486 19.525 20.532 18.568 21.401 22.292 21.575 20.715 24.432 25.597 24.286 25.559 22.338 23.203 21.561 19.849 19.444 17.094 15.539 14.719 11.984 13.425 12.222 14.972 16.072 16.979 19.484 21.262
 22.334 20.139 18.464 16.959 14.370 15.106 13.203 15.482 15.770 15.021 13.868 14.663 12.468 14.829 14.415 17.162 18.155 21.497 23.452 23.609 19.859 18.827 16.694 14.778 14.207 13.044 10.398  9.420  9.386  7.088  4.575  5.824  6.079  3.853  0.000  3.824  6.570  9.320 11.954 10.915 10.986 14.466 15.612 19.005 21.555 25.084 24.994 24.073 21.158 20.146 20.508 18.164 20.946 22.467 22.238 22.016 25.751 26.560 25.574 27.255 24.337 25.597 24.264 22.915 22.278 19.982 17.915 16.878 13.644 14.347 12.281 14.210 14.897 15.491 18.004 19.854
 22.460 20.271 17.997 16.376 13.239 13.735 11.488 13.425 14.356 14.149 13.654 14.428 12.666 15.298 14.827 17.731 18.147 21.283 22.654 22.732 19.016 17.352 14.709 12.893 13.264 11.928  8.621  8.833  9.699  6.765  4.787  7.961  8.291  5.700  3.824  0.000  3.898  6.510  8.657  7.182  7.384 11.005 12.675 16.103 19.018 22.499 22.031 20.960 17.920 17.227 17.579 15.553 18.691 20.266 20.523 20.434 24.235 24.572 23.399 25.459 22.768 24.495 23.681 22.405 21.153 18.632 16.033 14.559 11.001 11.144  8.823 10.554 11.587 12.484 15.197 17.233
 23.574 21.885 19.596 18.515 15.395 16.289 14.219 15.968 17.377 17.457 17.134 17.570 15.607 17.810 16.659 19.077 18.776 21.450 22.580 22.043 18.319 16.147 13.720 11.178 12.212 11.868  8.169  8.070 10.390  8.469  5.808  9.277 10.900  9.173  6.570  3.898  0.000  3.894  5.619  5.664  6.942 10.592 12.839 16.490 19.585 23.118 22.445 20.779 17.356 16.423 15.965 13.576 16.531 18.695 19.498 20.112 23.789 23.702 22.948 25.395 23.155 25.298 24.917 24.156 22.671 20.436 17.418 16.106 12.517 12.248  9.709 10.274 11.389 12.081 14.716 16.816
 21.522 20.183 17.738 17.140 14.150 15.562 14.107 16.057 18.122 18.165 17.755 17.492 15.417 17.135 15.506 17.584 16.612 18.883 19.575 18.851 15.250 12.689 10.162  7.605  9.369  9.246  5.509  6.400  9.363  8.055  6.618 10.193 11.923 10.967  9.320  6.510  3.894  0.000  3.843  5.496  5.340  8.233 10.211 13.952 16.902 20.480 19.949 17.883 14.332 12.979 12.232  9.726 12.733 14.883 15.895 16.764 20.354 20.031 19.431 22.052 20.114 22.555 22.598 22.256 20.514 18.617 15.341 14.460 11.227 11.341  9.698 10.248 12.319 13.351 15.890 17.953
 24.673 23.338 20.606 19.821 16.567 17.439 15.566 16.771 18.994 19.596 19.822 19.913 18.341 20.334 18.922 21.063 19.870 21.875 22.096 21.196 17.833 14.762 12.061  9.693 12.343 12.373  8.778 10.074 13.124 11.579 10.149 13.796 15.393 13.876 11.954  8.657  5.619  3.843  0.000  3.841  5.563  7.937 10.964 14.330 17.674 20.954 19.777 17.518 13.837 13.176 12.052 10.143 13.292 15.741 17.527 18.686 22.120 21.170 20.477 23.514 21.958 24.766 25.229 24.882 22.716 20.620 17.064 15.628 12.324 11.299  9.190  8.331 10.210 11.123 13.511 15.638
 25.083 23.216 20.229 18.768 15.189 15.298 12.868 13.627 15.677 16.552 17.204 17.818 16.817 19.377 18.665 21.352 20.684 23.102 23.356 23.031 19.648 16.814 13.615 11.975 14.289 13.334  9.659 11.498 13.735 11.202 10.181 13.980 14.708 12.417 10.915  7.182  5.664  5.496  3.841  0.000  3.835  6.823 10.198 13.310 16.907 20.045 18.612 16.971 13.594 13.724 13.584 12.394 15.941 17.818 19.315 19.805 23.420 22.632 21.333 24.212 22.298 24.928 25.193 24.292 22.022 19.412 15.956 13.825 10.219  8.520  5.722  5.082  7.088  8.529 11.318 13.615
 21.702 19.775 16.635 15.223 11.683 12.088 10.236 11.545 14.067 14.592 14.928 14.947 13.938 16.280 15.584 18.301 17.585 20.020 20.114 20.167 16.901 14.249 10.745  9.946 12.111 10.431  7.144  9.967 11.621  8.993  9.278 12.990 13.223 11.393 10.986  7.384  6.942  5.340  5.563  3.835  0.000  3.819  6.586  9.928 13.368 16.678 15.657 14.126 10.870 10.745 11.312 10.420 14.146 15.364 16.452 16.483 20.168 19.605 18.047 20.733 18.644 21.208 21.496 20.587 18.241 15.695 12.197 10.316  6.845  6.123  4.949  6.281  9.287 11.076 13.728 15.824
 21.189 19.387 15.939 14.672 11.302 11.628 10.433 11.382 14.499 15.188 15.759 15.313 14.762 16.777 16.135 18.660 17.545 19.566 18.963 19.219 16.425 13.576  9.815 10.200 12.810 10.853  8.527 12.042 13.445 11.160 12.330 15.824 15.789 14.297 14.466 11.005 10.592  8.233  7.937  6.823  3.819  0.000  3.828  6.613 10.231 13.339 12.106 10.397  7.164  7.617  8.869  9.218 13.010 13.565 14.885 14.701 18.179 17.220 15.280 18.156 16.385 19.271 20.116 19.359 16.506 14.064 10.326  8.421  5.899  5.183  6.160  7.252 10.752 12.773 15.065 16.933
 17.993 16.204 12.636 11.607  8.661  9.573  9.647 11.210 14.488 14.638 14.722 13.457 12.911 14.364 13.725 16.075 14.889 16.798 15.953 16.738 14.267 11.896  8.131  9.853 11.854  9.217  8.228 12.050 12.619 10.721 12.948 15.909 15.456 14.626 15.612 12.675 12.839 10.211 10.964 10.198  6.586  3.828  0.000  3.822  6.877 10.375 10.053  8.579  5.983  5.704  8.251  9.061 12.480 12.019 12.601 11.668 15.150 14.574 12.260 14.779 12.748 15.544 16.464 15.769 12.795 10.593  6.796  5.805  4.804  6.336  8.738 10.699 14.123 16.119 18.317 20.019
 18.765 16.940 13.215 12.068  9.652  9.882 10.556 11.395 14.847 15.182 15.639 14.220 14.472 15.737 15.573 17.798 16.610 18.166 16.707 17.955 16.147 14.012 10.543 12.995 14.933 12.175 11.848 15.661 15.876 14.015 16.557 19.348 18.503 17.648 19.005 16.103 16.490 13.952 14.330 13.310  9.928  6.613  3.822  0.000  3.824  6.812  6.309  5.481  4.513  5.799  9.351 11.376 14.385 13.121 13.639 12.132 15.088 14.261 11.217 13.570 11.815 14.660 16.081 15.257 11.756  9.558  6.116  5.048  6.290  7.513 10.808 12.642 15.993 18.078 19.985 21.457
 17.012 15.415 11.842 11.226  9.972 10.616 12.421 13.488 16.741 16.660 16.737 14.650 15.013 15.508 15.387 17.131 15.842 16.952 15.033 16.832 15.727 14.231 11.378 14.574 15.975 13.116 13.840 17.490 17.174 15.824 18.831 21.150 20.096 19.773 21.555 19.018 19.585 16.902 17.674 16.907 13.368 10.231  6.877  3.824  0.000  3.848  5.524  5.514  6.516  6.944 10.736 13.014 15.312 13.142 12.948 10.669 13.051 12.545  9.011 10.661  8.934 11.632 13.467 12.865  9.122  7.748  5.348  6.255  8.967 10.927 14.380 16.409 19.710 21.754 23.580 24.938
 19.250 17.755 14.391 13.748 12.961 13.011 14.905 15.337 18.458 18.567 18.976 16.980 17.892 18.296 18.508 20.093 18.850 19.615 17.298 19.291 18.734 17.378 14.809 18.106 19.572 16.799 17.603 21.252 20.873 19.490 22.532 24.831 23.602 23.184 25.084 22.499 23.118 20.480 20.954 20.045 16.678 13.339 10.375  6.812  3.848  0.000  3.849  5.600  8.416  9.657 13.289 16.084 18.079 15.589 15.480 13.104 14.667 13.889 10.111 11.263 10.293 12.642 14.891 14.262 10.478  9.518  8.317  8.914 12.013 13.480 17.097 18.914 22.080 24.139 25.729 26.903
 22.331 20.666 17.086 15.983 14.378 13.801 14.783 14.489 17.747 18.458 19.488 18.144 19.260 20.304 20.590 22.542 21.297 22.278 20.071 21.633 20.708 18.756 15.773 18.602 20.645 18.016 18.047 21.844 21.947 20.137 22.776 25.511 24.410 23.453 24.994 22.031 22.445 19.949 19.777 18.612 15.657 12.106 10.053  6.309  5.524  3.849  0.000  3.820  6.961  9.596 13.011 16.080 18.480 16.553 17.224 15.455 17.297 15.935 12.370 14.283 13.533 16.182 18.331 17.518 13.711 12.037 10.080  9.246 11.629 12.001 15.482 16.778 19.800 21.875 23.289 24.390
 21.835 20.597 17.079 16.521 14.723 14.882 15.653 15.818 19.262 19.927 20.707 19.247 19.683 20.578 20.201 21.885 20.126 20.827 18.483 19.466 18.499 16.124 13.237 15.940 18.364 16.251 16.196 19.932 20.554 19.103 21.437 24.312 23.761 22.975 24.073 20.960 20.779 17.883 17.518 16.971 14.126 10.397  8.579  5.481  5.514  5.600  3.820  0.000  3.825  6.466  9.538 12.870 15.119 13.364 14.588 13.499 15.385 13.480 10.314 13.044 12.753 16.003 18.421 18.217 14.466 13.156 10.480 10.012 11.587 11.870 14.928 15.767 18.965 20.985 22.475 23.691
 21.293 20.085 16.563 16.048 13.734 14.253 14.502 15.019 18.505 19.171 19.813 18.534 18.446 19.549 18.791 20.572 18.702 19.629 17.681 18.154 16.617 13.783 10.584 12.753 15.535 13.726 13.141 16.825 17.916 16.485 18.413 21.488 21.334 20.486 21.158 17.920 17.356 14.332 13.837 13.594 10.870  7.164  5.983  4.513  6.516  8.416  6.961  3.825  0.000  3.825  6.566  9.617 12.357 11.355 13.035 12.603 15.087 13.172 10.625 13.857 13.256 16.705 18.784 18.673 15.146 13.604 10.222  9.485  9.857  9.911 12.413 13.003 16.330 18.315 19.993 21.403
 18.560 17.816 14.599 14.842 12.932 14.450 15.150 16.492 19.879 20.060 20.055 18.297 17.488 18.025 16.620 17.913 15.623 16.257 14.312 14.477 12.929 10.048  7.086  9.662 12.294 10.853 10.896 14.356 15.493 14.788 16.775 19.540 19.755 19.525 20.146 17.227 16.423 12.979 13.176 13.724 10.745  7.617  5.704  5.799  6.944  9.657  9.596  6.466  3.825  0.000  3.837  6.613  9.045  7.768  9.312  9.240 11.908 10.146  8.180 11.590 11.011 14.609 16.677 17.138 13.963 13.087  9.726 10.170 10.389 11.412 13.580 14.451 17.852 19.694 21.565 23.090
 20.113 19.847 16.987 17.619 15.676 17.479 17.827 19.257 22.564 22.802 22.709 21.073 19.789 20.236 18.288 19.217 16.518 16.776 14.930 14.091 12.468  8.952  6.683  8.196 11.453 11.239 10.964 13.852 15.788 15.608 16.884 19.692 20.623 20.532 20.508 17.579 15.965 12.232 12.052 13.584 11.312  8.869  8.251  9.351 10.736 13.289 13.011  9.538  6.566  3.837  0.000  3.838  5.922  5.838  8.699 10.155 12.513 10.249  9.654 13.315 13.308 16.954 19.035 19.941 17.085 16.469 13.090 13.513 12.990 13.596 14.922 15.102 18.314 19.904 21.706 23.260
 19.242 19.127 16.631 17.475 15.519 17.757 17.929 19.819 22.872 22.866 22.398 20.796 18.915 19.263 16.871 17.630 14.904 15.345 14.237 12.847 10.522  6.731  4.803  4.758  8.315  9.021  8.515 10.734 13.147 13.492 14.259 16.884 18.351 18.568 18.164 15.553 13.576  9.726 10.143 12.394 10.420  9.218  9.061 11.376 13.014 16.084 16.080 12.870  9.617  6.613  3.838  0.000  3.853  5.685  8.168 10.272 12.990 11.459 11.631 14.886 14.430 17.740 19.261 20.254 17.919 17.344 13.998 14.575 13.363 14.220 14.843 15.113 18.142 19.519 21.501 23.191
 19.392 20.017 18.043 19.571 18.189 20.799 21.336 23.389 26.433 26.259 25.537 23.617 21.475 21.252 18.428 18.418 15.181 14.714 13.315 11.083  9.509  5.917  6.341  6.375  9.009 10.732 11.151 12.558 14.900 16.066 16.764 18.876 20.669 21.401 20.946 18.691 16.531 12.733 13.292 15.941 14.146 13.010 12.480 14.385 15.312 18.079 18.480 15.119 12.357  9.045  5.922  3.853  0.000  3.812  6.765 10.003 11.800 10.052 11.467 14.511 14.782 18.008 19.776 21.430 19.392 19.508 16.525 17.690 16.856 17.963 18.648 18.849 21.779 23.020 24.882 26.484
 17.268 18.078 16.115 17.959 17.097 19.813 20.949 23.044 26.187 25.858 25.040 22.727 20.814 20.203 17.509 17.258 13.849 12.932 10.732  9.029  8.372  5.433  6.062  8.103  9.979 10.786 12.160 14.071 15.585 16.730 18.213 20.125 21.373 22.292 22.467 20.266 18.695 14.883 15.741 17.818 15.364 13.565 12.019 13.121 13.142 15.589 16.553 13.364 11.355  7.768  5.838  5.685  3.812  0.000  3.834  6.930  8.292  6.288  7.830 10.799 11.460 14.782 16.964 18.895 16.777 17.385 14.779 16.519 16.512 18.095 19.504 20.166 23.338 24.794 26.671 28.216
 13.660 14.847 13.367 15.792 15.664 18.803 20.497 22.987 25.944 25.198 23.930 21.208 19.088 17.863 14.990 14.200 10.625  9.290  6.916  5.545  5.391  4.110  5.923  8.691  9.079  9.505 11.994 13.631 14.272 15.873 17.858 19.169 20.133 21.575 22.238 20.523 19.498 15.895 17.527 19.315 16.452 14.885 12.601 13.639 12.948 15.480 17.224 14.588 13.035  9.312  8.699  8.168  6.765  3.834  0.000  3.825  5.274  5.157  6.951  8.742  8.948 11.766 13.693 15.985 14.400 15.622 13.657 16.138 16.559 18.848 20.522 21.801 25.022 26.535 28.552 30.124
 10.953 11.823 10.175 12.736 13.158 16.317 18.543 21.107 23.972 23.012 21.613 18.604 16.775 15.289 12.821 12.154  8.937  7.974  5.194  6.238  6.262  6.338  6.819 10.354 10.182  9.195 12.165 14.225 13.945 15.185 17.860 18.998 19.244 20.715 22.016 20.434 20.112 16.764 18.686 19.805 16.483 14.701 11.668 12.132 10.669 13.104 15.455 13.499 12.603  9.240 10.155 10.272 10.003  6.930  3.825  0.000  3.854  5.485  5.478  6.203  5.322  8.085 10.074 12.307 10.697 12.289 10.903 13.926 15.044 17.817 19.998 21.816 25.119 26.785 28.858 30.408
 11.933 13.647 12.686 15.612 16.540 19.622 22.072 24.524 27.409 26.424 24.998 21.820 20.101 18.234 15.779 14.463 11.138  8.940  5.167  6.025  8.111  8.862 10.248 13.539 13.283 12.815 15.879 17.675 17.385 18.903 21.528 22.457 22.769 24.432 25.751 24.235 23.789 20.354 22.120 23.420 20.168 18.179 15.150 15.088 13.051 14.667 17.297 15.385 15.087 11.908 12.513 12.990 11.800  8.292  5.274  3.854  0.000  3.858  5.422  4.669  5.923  8.062 10.735 13.728 12.467 14.792 13.971 17.148 18.625 21.330 23.645 25.329 28.651 30.307 32.280 33.757
 15.530 16.844 15.274 17.666 17.900 20.623 22.669 24.734 27.873 27.287 26.307 23.435 21.947 20.631 18.284 17.471 14.092 12.247  8.701  8.439  9.957  9.225 10.133 13.320 14.110 13.921 16.306 18.450 18.863 20.029 22.358 23.835 24.375 25.597 26.560 24.572 23.702 20.031 21.170 22.632 19.605 17.220 14.574 14.261 12.545 13.889 15.935 13.480 13.172 10.146 10.249 11.459 10.052  6.288  5.157  5.485  3.858  0.000  3.836  5.463  7.804 10.858 13.920 16.496 14.510 16.242 14.744 17.358 18.664 20.811 23.079 24.271 27.607 29.260 31.088 32.513
 15.222 15.753 13.563 15.401 15.502 17.817 19.970 21.785 24.965 24.478 23.738 20.936 19.960 18.960 17.209 17.039 14.166 13.139  9.768 10.685 11.420 10.458 10.020 13.661 14.678 13.515 15.659 18.398 18.511 19.005 21.687 23.412 23.430 24.286 25.574 23.399 22.948 19.431 20.477 21.333 18.047 15.280 12.260 11.217  9.011 10.111 12.370 10.314 10.625  8.180  9.654 11.631 11.467  7.830  6.951  5.478  5.422  3.836  0.000  3.854  5.604  9.214 12.487 14.422 11.820 13.235 11.765 14.292 16.078 18.243 20.918 22.338 25.731 27.531 29.348 30.739
 13.328 14.250 12.698 15.024 16.046 18.515 21.215 23.227 26.178 25.348 24.271 21.106 20.173 18.571 16.958 16.281 13.629 12.178  8.605 10.520 12.052 12.287 12.401 16.124 16.339 14.955 17.688 20.162 19.623 20.373 23.386 24.622 24.332 25.559 27.255 25.459 25.395 22.052 23.514 24.212 20.733 18.156 14.779 13.570 10.661 11.263 14.283 13.044 13.857 11.590 13.315 14.886 14.511 10.799  8.742  6.203  4.669  5.463  3.854  0.000  3.842  6.388 10.029 12.490 10.498 12.904 12.540 15.668 17.943 20.563 23.432 25.243 28.625 30.443 32.308 33.680
 10.555 10.806  8.948 11.232 12.503 15.120 18.036 20.306 23.067 21.995 20.694 17.420 16.472 14.817 13.445 13.103 10.945 10.382  7.582 10.356 10.965 11.502 11.058 14.816 14.595 12.528 15.384 17.894 16.846 17.385 20.668 21.736 21.081 22.338 24.337 22.768 23.155 20.114 21.958 22.298 18.644 16.385 12.748 11.815  8.934 10.293 13.533 12.753 13.256 11.011 13.308 14.430 14.782 11.460  8.948  5.322  5.923  7.804  5.604  3.842  0.000  3.830  6.971  8.987  6.930  9.419  9.385 12.868 15.226 18.243 21.140 23.377 26.711 28.549 30.540 31.970
  8.469  8.932  8.139 10.851 13.184 15.836 19.178 21.631 24.014 22.556 20.859 17.295 16.391 14.081 13.033 12.200 10.728 10.115  7.973 11.524 12.468 13.955 13.880 17.436 16.500 14.280 17.468 19.597 17.878 18.607 22.104 22.612 21.593 23.203 25.597 24.495 25.298 22.555 24.766 24.928 21.208 19.271 15.544 14.660 11.632 12.642 16.182 16.003 16.705 14.609 16.954 17.740 18.008 14.782 11.766  8.085  8.062 10.858  9.214  6.388  3.830  0.000  3.837  6.587  6.031  9.574 10.890 14.624 17.210 20.547 23.473 26.053 29.294 31.112 33.146 34.557
  5.713  5.645  5.968  8.976 12.086 14.896 18.403 21.180 23.130 21.277 19.103 15.376 14.257 11.407 10.636  9.621  9.206  9.392  8.742 12.525 12.923 14.965 14.889 18.056 16.453 13.978 17.280 18.986 16.618 17.433 21.038 21.009 19.646 21.561 24.264 23.681 24.917 22.598 25.229 25.193 21.496 20.116 16.464 16.081 13.467 14.891 18.331 18.421 18.784 16.677 19.035 19.261 19.776 16.964 13.693 10.074 10.735 13.920 12.487 10.029  6.971  3.837  0.000  3.843  5.581  9.113 11.153 14.901 17.269 20.895 23.617 26.536 29.618 31.371 33.502 34.947
  7.688  5.473  4.849  6.391  9.888 12.146 15.829 18.507 20.142 18.147 15.953 12.228 11.732  9.191  9.700  9.900 10.636 11.994 11.875 15.508 15.158 16.764 15.910 18.915 17.439 14.351 17.152 19.071 16.391 16.471 20.251 20.282 18.299 19.849 22.915 22.405 24.156 22.256 24.882 24.292 20.587 19.359 15.769 15.257 12.865 14.262 17.518 18.217 18.673 17.138 19.941 20.254 21.430 18.895 15.985 12.307 13.728 16.496 14.422 12.490  8.987  6.587  3.843  0.000  3.843  6.640  9.584 12.997 15.545 19.210 22.013 25.212 28.139 29.913 32.032 33.441
 10.036  7.983  5.434  6.039  8.401 10.355 13.947 16.288 18.411 16.870 15.302 11.828 11.775 10.257 10.670 11.583 11.521 12.834 11.898 15.247 14.713 15.486 14.027 17.312 16.593 13.329 15.732 18.290 16.186 15.767 19.538 20.287 18.465 19.444 22.278 21.153 22.671 20.514 22.716 22.022 18.241 16.506 12.795 11.756  9.122 10.478 13.711 14.466 15.146 13.963 17.085 17.919 19.392 16.777 14.400 10.697 12.467 14.510 11.820 10.498  6.930  6.031  5.581  3.843  0.000  3.829  6.486  9.990 12.945 16.415 19.515 22.531 25.588 27.459 29.509 30.901
 12.598  9.814  6.434  4.686  5.659  6.755 10.331 12.526 14.690 13.300 12.093  8.959  9.613  9.349 10.519 12.587 12.923 14.975 14.368 17.295 16.018 16.108 13.833 16.770 16.467 12.824 14.386 17.267 15.300 14.010 17.738 18.896 16.777 17.094 19.982 18.632 20.436 18.617 20.620 19.412 15.695 14.064 10.593  9.558  7.748  9.518 12.037 13.156 13.604 13.087 16.469 17.344 19.508 17.385 15.622 12.289 14.792 16.242 13.235 12.904  9.419  9.574  9.113  6.640  3.829  0.000  3.819  6.631  9.731 13.132 16.303 19.476 22.414 24.319 26.365 27.758
 13.879 11.447  7.657  6.128  4.758  6.121  8.806 11.015 13.787 12.921 12.176  9.627  9.767 10.305 10.695 13.036 12.711 14.811 14.043 16.302 14.546 13.820 10.975 13.772 14.115 10.533 11.502 14.804 13.541 11.972 15.446 17.231 15.602 15.539 17.915 16.033 17.418 15.341 17.064 15.956 12.197 10.326  6.796  6.116  5.348  8.317 10.080 10.480 10.222  9.726 13.090 13.998 16.525 14.779 13.657 10.903 13.971 14.744 11.765 12.540  9.385 10.890 11.153  9.584  6.486  3.819  0.000  3.830  6.628  9.998 13.168 16.118 19.228 21.184 23.291 24.784
 17.407 14.734 10.972  8.582  5.772  4.933  6.205  7.664 10.808 10.605 10.806  9.386 10.298 12.080 12.948 15.844 15.751 18.117 17.478 19.364 17.236 15.898 12.506 14.671 15.616 12.104 11.852 15.364 14.553 12.091 15.121 17.453 15.709 14.719 16.878 14.559 16.106 14.460 15.628 13.825 10.316  8.421  5.805  5.048  6.255  8.914  9.246 10.012  9.485 10.170 13.513 14.575 17.690 16.519 16.138 13.926 17.148 17.358 14.292 15.668 12.868 14.624 14.901 12.997  9.990  6.631  3.830  0.000  3.821  6.643 10.108 13.126 16.119 18.148 20.206 21.692
 18.755 16.127 12.535 10.177  6.513  5.831  4.941  6.711  9.844  9.953 10.295  9.732  9.995 12.466 12.997 16.165 16.101 18.773 18.591 19.912 17.203 15.455 11.820 13.032 14.224 10.975  9.601 13.021 12.721  9.734 12.176 14.954 13.520 11.984 13.644 11.001 12.517 11.227 12.324 10.219  6.845  5.899  4.804  6.290  8.967 12.013 11.629 11.587  9.857 10.389 12.990 13.363 16.856 16.512 16.559 15.044 18.625 18.664 16.078 17.943 15.226 17.210 17.269 15.545 12.945  9.731  6.628  3.821  0.000  3.821  6.640  9.895 12.869 14.879 17.179 18.881
 22.458 19.904 16.310 13.923 10.245  8.870  6.651  6.560  9.702 10.841 12.200 12.611 13.213 16.030 16.573 19.755 19.545 22.104 21.763 22.733 19.956 17.688 13.900 14.568 16.428 13.680 11.498 14.817 15.243 12.027 13.553 16.806 15.684 13.425 14.347 11.144 12.248 11.341 11.299  8.520  6.123  5.183  6.336  7.513 10.927 13.480 12.001 11.870  9.911 11.412 13.596 14.220 17.963 18.095 18.848 17.817 21.330 20.811 18.243 20.563 18.243 20.547 20.895 19.210 16.415 13.132  9.998  6.643  3.821  0.000  3.822  6.673  9.645 11.825 14.075 15.846
 24.471 21.978 18.622 16.311 12.521 11.375  8.442  8.355 10.599 11.872 13.261 14.310 14.465 17.548 17.882 21.109 20.989 23.705 23.745 24.299 21.172 18.727 15.060 14.758 16.691 14.465 11.484 14.195 15.134 11.758 12.214 15.709 15.003 12.222 12.281  8.823  9.709  9.698  9.190  5.722  4.949  6.160  8.738 10.808 14.380 17.097 15.482 14.928 12.413 13.580 14.922 14.843 18.648 19.504 20.522 19.998 23.645 23.079 20.918 23.432 21.140 23.473 23.617 22.013 19.515 16.303 13.168 10.108  6.640  3.822  0.000  3.824  6.452  8.654 11.327 13.433
 27.366 25.135 21.772 19.733 15.980 14.997 12.136 11.606 13.700 15.296 16.913 18.038 18.076 21.037 21.049 24.067 23.580 26.025 25.856 25.982 22.887 20.010 16.438 15.706 18.203 16.597 13.328 15.823 17.482 14.432 14.189 17.890 17.782 14.972 14.210 10.554 10.274 10.248  8.331  5.082  6.281  7.252 10.699 12.642 16.409 18.914 16.778 15.767 13.003 14.451 15.102 15.113 18.849 20.166 21.801 21.816 25.329 24.271 22.338 25.243 23.377 26.053 26.536 25.212 22.531 19.476 16.118 13.126  9.895  6.673  3.824  0.000  3.834  6.395  9.025 11.280
 30.265 27.926 24.667 22.452 18.691 17.431 14.237 13.330 14.722 16.508 18.368 20.031 20.189 23.372 23.561 26.681 26.416 28.995 29.022 29.079 25.876 23.037 19.582 18.512 20.871 19.436 15.995 18.011 19.700 16.561 15.773 19.323 19.235 16.072 14.897 11.587 11.389 12.319 10.210  7.088  9.287 10.752 14.123 15.993 19.710 22.080 19.800 18.965 16.330 17.852 18.314 18.142 21.779 23.338 25.022 25.119 28.651 27.607 25.731 28.625 26.711 29.294 29.618 28.139 25.588 22.414 19.228 16.119 12.869  9.645  6.452  3.834  0.000  3.834  6.573  9.025
 31.806 29.504 26.359 24.178 20.460 19.240 16.005 15.103 16.202 17.926 19.778 21.595 21.664 24.853 24.996 28.073 27.842 30.427 30.572 30.491 27.233 24.397 21.093 19.751 22.051 20.854 17.349 19.020 20.826 17.809 16.667 20.075 20.160 16.979 15.491 12.484 12.081 13.351 11.123  8.529 11.076 12.773 16.119 18.078 21.754 24.139 21.875 20.985 18.315 19.694 19.904 19.519 23.020 24.794 26.535 26.785 30.307 29.260 27.531 30.443 28.549 31.112 31.371 29.913 27.459 24.319 21.184 18.148 14.879 11.825  8.654  6.395  3.834  0.000  3.845  6.759
 34.071 31.779 28.620 26.417 22.754 21.388 18.190 16.989 17.936 19.778 21.833 23.757 24.000 27.185 27.394 30.444 30.178 32.683 32.725 32.607 29.438 26.546 23.297 21.998 24.384 23.268 19.851 21.496 23.331 20.391 19.251 22.558 22.643 19.484 18.004 15.197 14.716 15.890 13.511 11.318 13.728 15.065 18.317 19.985 23.580 25.729 23.289 22.475 19.993 21.565 21.706 21.501 24.882 26.671 28.552 28.858 32.280 31.088 29.348 32.308 30.540 33.146 33.502 32.032 29.509 26.365 23.291 20.206 17.179 14.075 11.327  9.025  6.573  3.845  0.000  3.811
 35.618 33.313 30.165 27.930 24.341 22.866 19.739 18.371 19.181 21.042 23.206 25.192 25.575 28.746 29.039 32.076 31.832 34.299 34.288 34.195 31.100 28.226 25.021 23.805 26.178 25.063 21.756 23.382 25.154 22.257 21.170 24.358 24.386 21.262 19.854 17.233 16.816 17.953 15.638 13.615 15.824 16.933 20.019 21.457 24.938 26.903 24.390 23.691 21.403 23.090 23.260 23.191 26.484 28.216 30.124 30.408 33.757 32.513 30.739 33.680 31.970 34.557 34.947 33.441 30.901 27.758 24.784 21.692 18.881 15.846 13.433 11.280  9.025  6.759  3.811  0.000
