  0.000  3.833  6.690 10.351 13.314 16.742 19.775 22.925 25.099 23.052 20.093 16.526 14.105 10.657  8.502  5.644  5.465  5.802  7.634 10.747 10.749 13.860 14.683 17.014 14.388 12.570 16.169 16.613 13.745 15.648 18.756 17.607 16.510 19.363 21.888 22.057 23.445 21.550 24.816 25.168 21.660 21.400 18.139 18.873 17.214 19.570 22.586 22.005 21.344 18.625 20.169 19.288 19.516 17.416 13.746 11.084 11.920 15.558 15.325 13.485 10.758  8.704  5.785  7.667 10.213 12.702 13.921 17.478 18.850 22.595 24.537 27.550 30.159 33.072 36.067 36.901
  3.833  0.000  3.825  6.959 10.237 13.439 16.570 19.775 21.674 19.520 16.472 12.857 10.628  7.114  5.877  4.672  6.202  8.336  9.990 13.137 12.254 14.689 14.552 16.831 14.436 11.793 14.926 15.730 12.510 13.585 16.996 16.037 14.250 16.731 19.636 19.786 21.666 20.152 23.438 23.288 19.755 19.612 16.411 17.136 15.684 18.088 20.956 20.839 20.190 17.942 19.946 19.202 20.168 18.285 14.947 11.965 13.680 16.945 15.934 14.476 11.070  9.166  5.728  5.452  8.194  9.962 11.573 14.885 16.268 20.063 22.061 25.329 27.932 31.057 33.936 34.646
  6.690  3.825  0.000  3.818  6.814 10.104 13.284 16.311 18.500 16.685 14.041 10.420  8.607  6.079  5.508  6.238  6.823  9.327 10.061 13.098 11.720 13.237 12.222 14.769 13.079  9.821 12.596 14.218 11.384 11.669 15.379 15.268 13.401 15.221 18.049 17.561 19.406 17.732 20.743 20.267 16.607 16.142 12.841 13.414 12.104 14.688 17.349 17.318 16.663 14.722 17.077 16.696 18.185 16.330 13.428 10.258 12.701 15.381 13.743 12.905  9.181  8.276  5.878  4.688  5.604  6.544  7.776 11.102 12.651 16.457 18.699 21.932 24.727 27.881 30.723 31.402
 10.351  6.959  3.818  0.000  3.815  6.522  9.885 12.904 14.820 12.995 10.438  6.771  5.792  4.683  6.250  8.728  9.924 12.844 13.476 16.266 14.415 15.179 13.275 15.542 14.369 10.654 12.397 14.462 11.711 10.730 14.546 14.916 12.445 13.403 16.495 15.785 18.112 16.910 19.726 18.599 15.022 14.636 11.615 12.100 11.277 13.781 16.011 16.556 15.928 14.751 17.486 17.331 19.510 17.989 15.662 12.622 15.491 17.618 15.405 15.079 11.290 10.848  8.892  6.300  6.047  4.653  6.115  8.598 10.137 13.883 16.227 19.696 22.483 25.836 28.498 29.019
 13.314 10.237  6.814  3.815  0.000  3.835  6.517  9.686 12.066 10.403  8.481  5.639  5.055  6.370  7.702 10.776 11.485 14.540 14.982 17.170 14.755 14.587 11.916 13.766 13.298  9.460 10.102 12.713 10.640  8.661 12.359 13.610 11.345 11.424 14.144 12.799 15.071 13.955 16.478 15.015 11.492 11.215  8.624  9.622  9.931 12.847 14.253 14.682 13.554 12.807 15.507 15.365 18.110 17.110 15.512 13.013 16.405 17.833 15.461 16.050 12.523 13.144 11.966  9.780  8.369  5.540  4.708  5.752  6.452 10.170 12.429 15.919 18.713 22.095 24.740 25.277
 16.742 13.439 10.104  6.522  3.835  0.000  3.830  6.447  8.450  7.250  6.212  4.329  6.289  8.782 11.052 14.350 15.293 18.310 18.534 20.769 18.395 17.874 14.822 16.512 16.553 12.788 12.625 15.435 13.686 10.949 14.227 15.868 13.281 12.332 15.052 13.402 16.006 15.408 17.379 15.123 11.968 11.491  9.535  9.837 10.466 12.687 13.521 14.759 14.027 14.303 17.303 17.621 20.730 19.829 18.640 16.144 19.467 20.536 17.737 18.459 15.062 15.701 14.740 12.015 10.209  6.549  6.065  4.903  5.767  8.753 11.321 14.910 17.732 21.261 23.579 23.858
 19.775 16.570 13.284  9.885  6.517  3.830  0.000  3.842  6.116  4.941  5.467  6.058  7.811 11.182 13.170 16.678 17.541 20.687 21.029 22.783 20.009 18.932 15.560 16.516 17.014 13.565 12.280 15.062 13.973 10.562 13.083 15.337 13.021 11.072 13.198 11.082 13.727 13.696 15.206 12.438  9.894 10.022  9.391 10.361 12.177 14.490 14.352 15.408 14.121 14.853 17.463 17.595 21.067 20.793 20.190 18.257 21.825 22.475 19.789 21.088 17.928 19.028 18.229 15.705 13.821 10.149  8.693  6.096  4.647  6.243  8.129 11.812 14.351 17.965 20.149 20.390
 22.925 19.775 16.311 12.904  9.686  6.447  3.842  0.000  3.864  5.447  7.911  9.118 11.506 14.771 16.841 20.248 20.859 23.773 23.679 25.411 22.798 21.344 17.738 18.784 19.867 16.557 15.020 18.085 17.447 14.006 16.193 18.792 16.662 14.371 16.050 13.508 15.746 15.704 16.379 13.094 11.084 10.476 10.430 10.490 12.499 14.057 13.133 14.731 13.900 15.572 18.343 19.080 22.706 22.410 22.243 20.370 23.809 23.995 20.999 22.522 19.672 21.029 20.705 18.158 15.771 11.976 10.437  6.950  6.022  5.605  7.914 10.965 13.665 17.144 18.935 18.908
 25.099 21.674 18.500 14.820 12.066  8.450  6.116  3.864  0.000  3.839  7.341  9.617 12.632 16.058 18.685 22.274 23.406 26.530 26.700 28.627 25.989 24.782 21.269 22.186 22.980 19.611 18.062 20.775 19.823 16.221 18.195 20.471 17.932 15.303 17.194 15.171 17.876 18.494 19.220 15.776 14.254 14.120 14.204 14.210 15.882 17.055 16.235 18.233 17.652 19.373 22.152 22.773 26.398 26.121 25.779 23.735 27.132 27.542 24.490 25.737 22.715 23.650 22.960 19.999 18.007 14.216 13.467 10.330  9.642  9.126 10.559 13.433 15.483 18.934 20.260 19.944
 23.052 19.520 16.685 12.995 10.403  7.250  4.941  5.447  3.839  0.000  3.808  6.915  9.645 13.260 15.996 19.713 21.262 24.650 25.328 27.252 24.435 23.586 20.318 20.994 21.230 17.852 16.402 18.637 17.277 13.668 15.620 17.460 14.638 12.032 14.322 12.924 16.144 17.114 18.486 15.382 13.712 14.355 14.229 14.976 16.591 18.363 18.093 19.684 18.677 19.703 22.286 22.328 25.839 25.682 24.989 22.937 26.442 27.276 24.514 25.563 22.256 22.887 21.662 18.625 17.239 13.584 13.072 10.579  9.445  9.877 10.774 14.187 15.932 19.547 21.146 21.035
 20.093 16.472 14.041 10.438  8.481  6.212  5.467  7.911  7.341  3.808  0.000  3.829  6.340  9.865 12.842 16.577 18.545 22.078 23.146 25.224 22.444 22.122 19.226 19.983 19.569 16.100 15.205 17.035 15.024 11.730 14.061 15.210 11.967  9.982 13.016 12.375 15.906 16.783 18.877 16.325 14.196 15.113 14.349 15.412 16.576 18.692 19.118 20.460 19.355 19.696 22.234 21.904 25.145 24.836 23.650 21.425 24.865 26.181 23.656 24.324 20.779 20.974 19.246 16.143 15.409 12.105 12.141 10.682  9.849 11.491 12.469 16.183 17.963 21.613 23.523 23.609
 16.526 12.857 10.420  6.771  5.639  4.329  6.058  9.118  9.617  6.915  3.829  0.000  3.825  6.698  9.928 13.509 15.476 18.893 19.887 22.261 19.780 19.868 17.250 18.550 17.809 14.121 14.109 16.059 13.580 10.902 14.009 14.785 11.492 10.675 14.063 13.483 16.747 16.884 19.358 17.259 14.444 14.873 13.188 13.998 14.452 16.645 17.758 18.996 18.130 18.015 20.739 20.492 23.427 22.671 21.058 18.498 21.746 23.371 20.881 21.158 17.493 17.375 15.493 12.347 11.841  8.834  9.512  9.170  9.347 12.074 13.776 17.563 19.816 23.435 25.644 25.874
 14.105 10.628  8.607  5.792  5.055  6.289  7.811 11.506 12.632  9.645  6.340  3.825  0.000  3.845  6.526 10.260 12.421 16.055 17.568 19.682 16.988 17.377 15.176 16.167 14.855 11.349 11.662 13.027 10.142  7.943 11.209 11.447  8.185  8.338 11.859 11.808 14.934 14.946 17.946 16.523 13.623 14.579 12.816 14.400 14.964 17.746 19.065 19.614 18.237 17.373 19.624 18.767 21.419 20.862 19.025 16.736 20.052 21.944 19.976 20.262 16.586 16.471 14.274 11.684 11.770  9.479  9.712 10.234  9.836 12.944 14.156 17.893 19.960 23.459 25.952 26.432
 10.657  7.114  6.079  4.683  6.370  8.782 11.182 14.771 16.058 13.260  9.865  6.698  3.845  0.000  3.817  7.113  9.821 13.376 15.212 17.643 15.366 16.564 15.086 16.457 14.486 11.143 12.626 13.561 10.112  9.335 12.755 12.127  9.142 10.690 14.144 14.507 17.268 16.817 20.110 19.221 16.071 16.756 14.394 15.767 15.579 18.314 20.275 20.635 19.473 18.036 20.219 19.257 21.349 20.389 17.946 15.392 18.301 20.747 19.098 18.774 15.038 14.261 11.495  9.138 10.302  9.261 10.297 12.067 12.398 15.891 17.352 20.982 23.181 26.572 29.214 29.779
  8.502  5.877  5.508  6.250  7.702 11.052 13.170 16.841 18.685 15.996 12.842  9.928  6.526  3.817  0.000  3.807  6.391 10.123 12.432 14.467 12.048 13.605 12.761 13.948 11.439  8.547 10.743 11.114  7.516  8.154 11.427 10.418  8.433 10.975 13.822 14.271 16.380 15.451 18.974 18.806 15.638 16.460 14.055 15.888 15.770 18.877 20.896 20.584 19.051 16.950 18.582 17.148 18.780 17.940 15.314 13.170 16.030 18.623 17.593 17.371 13.893 13.384 10.746  9.649 10.911 10.646 10.927 13.190 13.215 16.751 17.955 21.301 23.436 26.584 29.457 30.244
  5.644  4.672  6.238  8.728 10.776 14.350 16.678 20.248 22.274 19.713 16.577 13.509 10.260  7.113  3.807  0.000  3.825  7.171 10.136 12.153 10.309 12.811 13.034 14.371 11.327  9.301 12.344 12.180  8.793 10.750 13.609 12.116 10.984 14.068 16.520 17.118 18.718 17.379 20.949 21.320 18.130 18.757 16.123 17.829 17.269 20.296 22.656 22.001 20.554 17.940 19.217 17.617 18.491 17.386 14.274 12.270 14.480 17.533 17.147 16.466 13.335 12.437  9.657  9.798 11.703 12.577 13.014 15.849 16.165 19.751 21.012 24.140 26.308 29.265 32.241 33.119
  5.465  6.202  6.823  9.924 11.485 15.293 17.541 20.859 23.406 21.262 18.545 15.476 12.421  9.821  6.391  3.825  0.000  3.824  6.681  8.386  6.620  9.432 10.280 11.960  9.034  7.578 11.239 11.336  8.841 11.319 14.063 13.182 12.904 15.809 17.701 17.711 18.601 16.543 19.874 20.657 17.383 17.603 14.832 16.496 15.848 18.963 21.307 20.122 18.591 15.554 16.458 14.859 15.241 13.923 10.658  8.975 11.070 14.067 14.154 13.686 11.043 10.840  9.052 10.387 11.514 12.778 12.524 15.600 16.000 19.492 20.862 23.615 25.954 28.659 31.754 32.759
  5.802  8.336  9.327 12.844 14.540 18.310 20.687 23.773 26.530 24.650 22.078 18.893 16.055 13.376 10.123  7.171  3.824  0.000  3.877  5.428  5.413  9.034 11.002 12.978 10.305  9.832 13.647 13.731 11.928 14.674 17.174 16.376 16.521 19.452 21.083 20.918 21.358 18.878 21.945 23.069 19.805 19.616 16.710 18.013 16.940 19.773 22.318 20.795 19.496 16.143 16.681 15.256 14.732 12.936  9.291  7.989  8.830 12.158 13.071 12.191 10.435 10.234  9.246 11.792 12.848 14.859 14.604 17.935 18.652 22.057 23.583 26.046 28.500 30.983 34.132 35.208
  7.634  9.990 10.061 13.476 14.982 18.534 21.029 23.679 26.700 25.328 23.146 19.887 17.568 15.212 12.432 10.136  6.681  3.877  0.000  3.835  5.536  8.359 10.261 13.028 11.352 10.768 14.491 15.377 14.134 16.407 19.102 18.965 19.065 21.575 23.141 22.387 22.587 19.673 22.287 23.305 19.901 18.998 15.842 16.517 14.991 17.472 20.124 18.419 17.525 14.159 14.816 14.135 13.337 10.732  6.904  5.181  5.046  8.593  9.665  8.590  7.585  8.078  8.588 11.717 11.920 14.263 13.807 17.251 18.440 21.720 23.638 25.846 28.608 30.973 34.103 35.161
 10.747 13.137 13.098 16.266 17.170 20.769 22.783 25.411 28.627 27.252 25.224 22.261 19.682 17.643 14.467 12.153  8.386  5.428  3.835  0.000  3.833  6.542  9.617 11.675 10.124 10.856 14.293 14.702 14.272 16.972 19.049 19.000 19.845 22.395 23.371 22.568 22.147 19.002 21.415 23.018 19.963 19.277 16.613 17.752 16.804 19.495 21.691 19.418 18.024 14.343 13.988 12.746 11.089  8.968  5.536  6.236  5.917  8.319 10.575 10.499 10.377 11.633 12.370 15.346 15.288 17.198 16.078 19.143 19.770 22.707 24.196 25.997 28.515 30.534 33.720 34.936
 10.749 12.254 11.720 14.415 14.755 18.395 20.009 22.798 25.989 24.435 22.444 19.780 16.988 15.366 12.048 10.309  6.620  5.413  5.536  3.833  0.000  3.845  6.795  8.345  6.356  7.272 10.637 10.884 10.634 13.380 15.276 15.379 16.424 18.866 19.641 18.846 18.389 15.345 17.966 19.619 16.668 16.459 14.113 15.925 15.684 18.875 20.695 18.438 16.464 12.790 12.339 10.397  9.493  8.320  5.369  6.255  8.026  9.880 11.332 12.059 11.027 12.588 12.769 14.977 14.752 15.895 14.318 17.012 17.048 19.897 21.029 22.887 25.208 27.282 30.494 31.740
 13.860 14.689 13.237 15.179 14.587 17.874 18.932 21.344 24.782 23.586 22.122 19.868 17.377 16.564 13.605 12.811  9.432  9.034  8.359  6.542  3.845  0.000  3.831  5.263  5.095  6.493  8.868  9.794 10.723 12.833 14.402 15.408 16.737 18.547 18.828 17.399 16.390 12.932 15.014 16.828 14.080 13.668 11.791 13.845 14.267 17.588 18.789 16.127 13.697  9.978  8.849  6.610  5.879  5.399  4.126  6.401  8.875  9.237 10.452 12.370 11.658 14.143 14.894 16.692 15.635 16.092 13.699 15.753 15.374 17.709 18.654 20.049 22.363 24.182 27.396 28.717
 14.683 14.552 12.222 13.275 11.916 14.822 15.560 17.738 21.269 20.318 19.226 17.250 15.176 15.086 12.761 13.034 10.280 11.002 10.261  9.617  6.795  3.831  0.000  3.847  5.363  4.955  6.417  8.725  9.806 10.793 12.660 14.437 15.345 16.486 16.829 14.848 14.019 10.486 12.385 13.626 10.601  9.905  8.015 10.357 11.384 14.936 15.734 13.214 10.469  7.007  6.555  4.689  6.338  6.110  5.887  6.815 10.240 10.156 10.009 12.460 11.186 14.008 14.791 15.829 14.150 13.801 10.856 12.353 11.739 13.925 15.005 16.468 19.009 21.030 24.223 25.473
 17.014 16.831 14.769 15.542 13.766 16.512 16.516 18.784 22.186 20.994 19.983 18.550 16.167 16.457 13.948 14.371 11.960 12.978 13.028 11.675  8.345  5.263  3.847  0.000  3.840  5.433  5.136  6.387  8.838 10.024 10.718 12.703 14.450 15.467 14.988 13.096 11.502  7.866  9.822 11.935  9.706 10.192  9.654 12.759 14.540 18.164 18.466 15.866 12.592  9.568  8.030  4.586  6.313  8.100  8.704 10.389 13.562 13.358 13.652 16.197 14.963 17.598 17.991 18.834 17.429 16.711 13.647 14.499 12.905 14.496 14.581 15.658 17.565 19.271 22.529 23.967
 14.388 14.436 13.079 14.369 13.298 16.553 17.014 19.867 22.980 21.230 19.569 17.809 14.855 14.486 11.439 11.327  9.034 10.305 11.352 10.124  6.356  5.095  5.363  3.840  0.000  3.858  5.346  4.863  6.280  8.775  9.665 10.526 12.362 14.234 14.156 13.196 12.258  9.331 12.239 14.224 11.837 12.811 11.702 14.755 15.990 19.685 20.574 18.330 15.391 12.202 11.287  8.124  8.887  9.925  9.072 10.236 13.284 14.114 14.675 16.439 14.784 16.721 16.436 17.384 16.750 16.440 14.018 15.495 14.129 16.361 16.498 18.175 19.936 21.924 25.160 26.523
 12.570 11.793  9.821 10.654  9.460 12.788 13.565 16.557 19.611 17.852 16.100 14.121 11.349 11.143  8.547  9.301  7.578  9.832 10.768 10.856  7.272  6.493  4.955  5.433  3.858  0.000  3.856  5.378  5.044  6.479  8.791  9.929 10.577 12.202 12.978 11.798 11.864  9.234 12.364 13.313 10.227 10.905  9.129 12.051 13.137 16.880 17.957 16.246 13.608 10.785 11.111  8.891 10.672 10.786  9.432  9.163 12.741 13.893 13.495 15.010 12.660 14.405 13.879 14.233 13.427 12.767 10.436 12.014 10.923 13.665 14.353 16.635 18.809 21.300 24.474 25.639
 16.169 14.926 12.596 12.397 10.102 12.625 12.280 15.020 18.062 16.402 15.205 14.109 11.662 12.626 10.743 12.344 11.239 13.647 14.491 14.293 10.637  8.868  6.417  5.136  5.346  3.856  0.000  3.844  5.398  5.103  6.393  8.873  9.915 10.498 10.447  8.587  8.183  5.465  8.710  9.650  6.948  8.620  8.193 11.800 13.918 17.693 17.999 16.292 13.145 10.986 10.992  8.552 11.224 12.305 12.036 12.215 15.911 16.418 15.761 17.831 15.572 17.608 17.180 17.015 15.820 14.315 11.455 11.796  9.559 11.476 11.335 13.378 15.219 17.660 20.855 22.101
 16.613 15.730 14.218 14.462 12.713 15.435 15.062 18.085 20.775 18.637 17.035 16.059 13.027 13.561 11.114 12.180 11.336 13.731 15.377 14.702 10.884  9.794  8.725  6.387  4.863  5.378  3.844  0.000  3.849  5.427  4.961  6.391  8.731 10.102  9.440  8.811  8.089  6.256  9.896 11.632  9.861 12.174 12.023 15.609 17.546 21.331 21.795 20.014 16.827 14.413 13.854 10.744 12.569 14.115 13.603 14.207 17.604 18.461 18.415 20.221 18.010 19.677 18.811 18.850 18.320 17.156 14.729 15.330 13.028 14.837 14.102 15.990 17.145 19.324 22.472 23.816
 13.745 12.510 11.384 11.711 10.640 13.686 13.973 17.447 19.823 17.277 15.024 13.580 10.142 10.112  7.516  8.793  8.841 11.928 14.134 14.272 10.634 10.723  9.806  8.838  6.280  5.044  5.398  3.849  0.000  3.861  5.321  5.062  6.143  8.542  9.294  9.517 10.292  9.192 12.978 13.903 11.557 13.569 12.588 15.802 17.154 20.863 21.853 20.560 17.835 15.441 15.685 13.055 14.808 15.504 14.083 13.765 17.123 18.694 18.377 19.522 16.810 17.801 16.309 16.048 16.093 15.113 13.410 14.522 12.761 15.295 15.123 17.711 19.142 21.758 24.799 25.935
 15.648 13.585 11.669 10.730  8.661 10.949 10.562 14.006 16.221 13.668 11.730 10.902  7.943  9.335  8.154 10.750 11.319 14.674 16.407 16.972 13.380 12.833 10.793 10.024  8.775  6.479  5.103  5.427  3.861  0.000  3.849  5.476  5.064  5.762  6.940  6.464  8.255  7.875 11.479 11.429  9.066 11.405 10.861 14.124 15.944 19.562 20.154 19.289 16.589 14.937 15.703 13.587 16.159 16.865 15.848 15.147 18.813 20.066 19.068 20.438 17.481 18.605 17.188 16.168 15.722 13.869 11.966 12.188  9.888 12.168 11.829 14.752 16.200 19.141 22.062 23.057
 18.756 16.996 15.379 14.546 12.359 14.227 13.083 16.193 18.195 15.620 14.061 14.009 11.209 12.755 11.427 13.609 14.063 17.174 19.102 19.049 15.276 14.402 12.660 10.718  9.665  8.791  6.393  4.961  5.321  3.849  0.000  3.851  5.589  5.661  4.516  4.741  5.729  6.521 10.113 10.700  9.579 12.765 13.217 16.799 19.069 22.726 22.924 21.795 18.715 17.106 17.172 14.539 16.993 18.462 17.930 17.903 21.512 22.504 21.861 23.533 20.831 22.143 20.786 19.932 19.524 17.636 15.514 15.312 12.439 13.837 12.430 14.752 15.345 17.899 20.774 21.932
 17.607 16.037 15.268 14.916 13.610 15.868 15.337 18.792 20.471 17.460 15.210 14.785 11.447 12.127 10.418 12.116 13.182 16.376 18.965 19.000 15.379 15.408 14.437 12.703 10.526  9.929  8.873  6.391  5.062  5.476  3.851  0.000  3.846  6.056  5.881  7.982  9.276 10.088 13.740 14.532 13.260 16.198 16.087 19.488 21.259 24.909 25.570 24.527 21.642 19.683 19.786 16.971 18.888 20.120 18.994 18.807 22.152 23.693 23.334 24.513 21.673 22.433 20.556 19.791 20.117 18.698 17.201 17.613 15.224 17.112 16.002 18.519 19.063 21.597 24.375 25.474
 16.510 14.250 13.401 12.445 11.345 13.281 13.021 16.662 17.932 14.638 11.967 11.492  8.185  9.142  8.433 10.984 12.904 16.521 19.065 19.845 16.424 16.737 15.345 14.450 12.362 10.577  9.915  8.731  6.143  5.064  5.589  3.846  0.000  3.827  6.122  8.237 10.850 11.831 15.411 15.302 13.566 16.182 15.657 18.663 20.151 23.593 24.448 23.950 21.464 19.846 20.666 18.385 20.624 21.302 19.836 18.910 22.316 24.111 23.246 24.086 20.866 21.220 19.008 17.628 18.127 16.474 15.528 15.901 13.858 16.075 15.441 18.516 19.388 22.354 24.987 25.848
 19.363 16.731 15.221 13.403 11.424 12.332 11.072 14.371 15.303 12.032  9.982 10.675  8.338 10.690 10.975 14.068 15.809 19.452 21.575 22.395 18.866 18.547 16.486 15.467 14.234 12.202 10.498 10.102  8.542  5.762  5.661  6.056  3.827  0.000  3.849  5.729  9.198 11.052 14.117 13.274 12.045 14.952 15.090 18.084 20.057 23.362 23.712 23.471 20.944 19.946 20.923 18.931 21.685 22.564 21.568 20.637 24.271 25.669 24.415 25.589 22.350 22.997 21.048 19.254 19.207 16.869 15.633 15.086 12.508 14.030 12.910 15.996 16.571 19.662 22.089 22.826
 21.888 19.636 18.049 16.495 14.144 15.052 13.198 16.050 17.194 14.322 13.016 14.063 11.859 14.144 13.822 16.520 17.701 21.083 23.141 23.371 19.641 18.828 16.829 14.988 14.156 12.978 10.447  9.440  9.294  6.940  4.516  5.881  6.122  3.849  0.000  3.826  6.487  9.244 11.991 11.656 11.429 14.918 15.864 19.239 21.698 25.137 25.073 24.427 21.483 20.472 20.829 18.477 21.202 22.704 22.232 21.932 25.610 26.633 25.666 27.271 24.333 25.411 23.773 22.330 22.016 19.663 17.858 17.008 13.876 14.654 12.641 15.022 14.885 17.546 19.978 20.912
 22.057 19.786 17.561 15.785 12.799 13.402 11.082 13.508 15.171 12.924 12.375 13.483 11.808 14.507 14.271 17.118 17.711 20.918 22.387 22.568 18.846 17.399 14.848 13.096 13.196 11.798  8.587  8.811  9.517  6.464  4.741  7.982  8.237  5.729  3.826  0.000  3.895  6.510  8.822  7.948  7.807 11.402 12.840 16.250 19.080 22.466 22.015 21.276 18.233 17.566 17.953 15.933 19.035 20.586 20.571 20.368 24.160 24.721 23.524 25.500 22.756 24.294 23.167 21.779 20.826 18.197 15.851 14.506 11.023 11.282  9.019 11.286 11.431 14.263 16.909 17.929
 23.445 21.666 19.406 18.112 15.071 16.006 13.727 15.746 17.876 16.144 15.906 16.747 14.934 17.268 16.380 18.718 18.601 21.358 22.587 22.147 18.389 16.390 14.019 11.502 12.258 11.864  8.183  8.089 10.292  8.255  5.729  9.276 10.850  9.198  6.487  3.895  0.000  3.891  5.657  6.213  7.162 10.942 13.005 16.658 19.766 23.241 22.504 21.176 17.749 16.893 16.485 14.109 17.049 19.201 19.778 20.283 23.980 24.096 23.288 25.678 23.382 25.370 24.660 23.779 22.583 20.184 17.350 16.066 12.479 12.254  9.589 10.682 10.413 12.514 15.427 16.815
 21.550 20.152 17.732 16.910 13.955 15.408 13.696 15.704 18.494 17.114 16.783 16.884 14.946 16.817 15.451 17.379 16.543 18.878 19.673 19.002 15.345 12.932 10.486  7.866  9.331  9.234  5.465  6.256  9.192  7.875  6.521 10.088 11.831 11.052  9.244  6.510  3.891  0.000  3.853  5.692  5.384  8.606 10.412 14.170 17.199 20.766 20.129 18.345 14.768 13.501 12.762 10.249 13.214 15.400 16.216 17.019 20.636 20.490 19.855 22.443 20.470 22.787 22.506 22.081 20.623 18.552 15.390 14.501 11.238 11.399  9.546 10.466 11.203 13.147 16.367 17.860
 24.816 23.438 20.743 19.726 16.478 17.379 15.206 16.379 19.220 18.486 18.877 19.358 17.946 20.110 18.974 20.949 19.874 21.945 22.287 21.415 17.966 15.014 12.385  9.822 12.239 12.364  8.710  9.896 12.978 11.479 10.113 13.740 15.411 14.117 11.991  8.822  5.657  3.853  0.000  3.847  5.649  8.370 11.256 14.689 18.119 21.399 20.113 18.160 14.464 13.851 12.714 10.712 13.798 16.334 17.921 19.039 22.537 21.774 21.056 24.057 22.450 25.136 25.275 24.866 22.979 20.712 17.257 15.789 12.417 11.442  9.059  8.507  8.781 10.006 13.330 15.053
 25.168 23.288 20.267 18.599 15.015 15.123 12.438 13.094 15.776 15.382 16.325 17.259 16.523 19.221 18.806 21.320 20.657 23.069 23.305 23.018 19.619 16.828 13.626 11.935 14.224 13.313  9.650 11.632 13.903 11.429 10.700 14.532 15.302 13.274 11.656  7.948  6.213  5.692  3.847  0.000  3.836  6.699 10.068 13.175 16.822 19.854 18.283 16.941 13.543 13.789 13.615 12.477 16.028 17.963 19.324 19.781 23.438 22.745 21.390 24.281 22.379 24.944 25.023 24.100 21.986 19.235 15.861 13.682 10.074  8.320  5.409  4.974  5.770  8.146 11.445 12.914
 21.660 19.755 16.607 15.022 11.492 11.968  9.894 11.084 14.254 13.712 14.196 14.444 13.623 16.071 15.638 18.130 17.383 19.805 19.901 19.963 16.668 14.080 10.601  9.706 11.837 10.227  6.948  9.861 11.557  9.066  9.579 13.260 13.566 12.045 11.429  7.807  7.162  5.384  5.649  3.836  0.000  3.828  6.493  9.882 13.348 16.596 15.492 14.200 10.881 10.790 11.270 10.358 14.084 15.391 16.307 16.335 20.061 19.612 18.046 20.737 18.662 21.153 21.249 20.355 18.191 15.542 12.118 10.254  6.794  6.178  4.960  6.463  8.778 11.529 14.683 15.865
 21.400 19.612 16.142 14.636 11.215 11.491 10.022 10.476 14.120 14.355 15.113 14.873 14.579 16.756 16.460 18.757 17.603 19.616 18.998 19.277 16.459 13.668  9.905 10.192 12.811 10.905  8.620 12.174 13.569 11.405 12.765 16.198 16.182 14.952 14.918 11.402 10.942  8.606  8.370  6.699  3.828  0.000  3.828  6.564 10.255 13.270 11.890 10.450  7.178  7.785  8.969  9.358 13.169 13.824 14.971 14.770 18.309 17.439 15.454 18.335 16.569 19.385 20.070 19.325 16.607 14.036 10.344  8.324  5.795  5.133  6.071  7.116 10.428 12.935 15.895 16.906
 18.139 16.411 12.841 11.615  8.624  9.535  9.391 10.430 14.204 14.229 14.349 13.188 12.816 14.394 14.055 16.123 14.832 16.710 15.842 16.613 14.113 11.791  8.015  9.654 11.702  9.129  8.193 12.023 12.588 10.861 13.217 16.087 15.657 15.090 15.864 12.840 13.005 10.412 11.256 10.068  6.493  3.828  0.000  3.812  6.951 10.404  9.982  8.640  5.900  5.686  8.124  8.940 12.419 12.082 12.491 11.584 15.130 14.626 12.318 14.864 12.859 15.603 16.385 15.755 12.926 10.642  6.856  5.790  4.804  6.461  8.776 10.657 14.038 16.694 19.582 20.448
 18.873 17.136 13.414 12.100  9.622  9.837 10.361 10.490 14.210 14.976 15.412 13.998 14.400 15.767 15.888 17.829 16.496 18.013 16.517 17.752 15.925 13.845 10.357 12.759 14.755 12.051 11.800 15.609 15.802 14.124 16.799 19.488 18.663 18.084 19.239 16.250 16.658 14.170 14.689 13.175  9.882  6.564  3.812  0.000  3.826  6.784  6.251  5.467  4.295  5.632  9.147 11.200 14.266 13.108 13.436 11.945 14.991 14.224 11.184 13.559 11.811 14.619 15.968 15.263 11.854  9.641  6.179  5.025  6.292  7.685 10.929 12.584 16.252 18.827 21.423 22.065
 17.214 15.684 12.104 11.277  9.931 10.466 12.177 12.499 15.882 16.591 16.576 14.452 14.964 15.579 15.770 17.269 15.848 16.940 14.991 16.804 15.684 14.267 11.384 14.540 15.990 13.137 13.918 17.546 17.154 15.944 19.069 21.259 20.151 20.057 21.698 19.080 19.766 17.199 18.119 16.822 13.348 10.255  6.951  3.826  0.000  3.849  5.524  5.484  6.399  6.908 10.712 13.019 15.404 13.332 12.937 10.643 13.114 12.665  9.125 10.763  9.001 11.637 13.428 12.928  9.237  7.836  5.370  6.105  8.910 11.006 14.457 16.342 20.008 22.622 25.165 25.725
 19.570 18.088 14.688 13.781 12.847 12.687 14.490 14.057 17.055 18.363 18.692 16.645 17.746 18.314 18.877 20.296 18.963 19.773 17.472 19.495 18.875 17.588 14.936 18.164 19.685 16.880 17.693 21.331 20.863 19.562 22.726 24.909 23.593 23.362 25.137 22.466 23.241 20.766 21.399 19.854 16.596 13.270 10.404  6.784  3.849  0.000  3.849  5.595  8.365  9.745 13.421 16.222 18.359 16.001 15.702 13.299 15.018 14.313 10.528 11.646 10.535 12.790 15.002 14.420 10.617  9.579  8.302  8.633 11.810 13.375 17.028 18.663 22.397 24.901 27.182 27.578
 22.586 20.956 17.349 16.011 14.253 13.521 14.352 13.133 16.235 18.093 19.118 17.758 19.065 20.275 20.896 22.656 21.307 22.318 20.124 21.691 20.695 18.789 15.734 18.466 20.574 17.957 17.999 21.795 21.853 20.154 22.924 25.570 24.448 23.712 25.073 22.015 22.504 20.129 20.113 18.283 15.492 11.890  9.982  6.251  5.524  3.849  0.000  3.826  6.842  9.587 12.999 16.059 18.575 16.795 17.285 15.512 17.525 16.234 12.658 14.563 13.706 16.298 18.402 17.669 13.867 12.133 10.100  9.014 11.391 11.849 15.358 16.392 20.114 22.362 24.434 24.780
 22.005 20.839 17.318 16.556 14.682 14.759 15.408 14.731 18.233 19.684 20.460 18.996 19.614 20.635 20.584 22.001 20.122 20.795 18.419 19.418 18.438 16.127 13.214 15.866 18.330 16.246 16.292 20.014 20.560 19.289 21.795 24.527 23.950 23.471 24.427 21.276 21.176 18.345 18.160 16.941 14.200 10.450  8.640  5.467  5.484  5.595  3.826  0.000  3.828  6.481  9.553 12.901 15.199 13.526 14.552 13.444 15.442 13.599 10.395 13.087 12.767 15.980 18.352 18.264 14.567 13.236 10.508  9.910 11.566 12.033 15.103 15.730 19.386 21.318 23.633 24.240
 21.344 20.190 16.663 15.928 13.554 14.027 14.121 13.900 17.652 18.677 19.355 18.130 18.237 19.473 19.051 20.554 18.591 19.496 17.525 18.024 16.464 13.697 10.469 12.592 15.391 13.608 13.145 16.827 17.835 16.589 18.715 21.642 21.464 20.944 21.483 18.233 17.749 14.768 14.464 13.543 10.881  7.178  5.900  4.295  6.399  8.365  6.842  3.828  0.000  3.823  6.563  9.612 12.394 11.469 12.928 12.464 15.064 13.244 10.644 13.848 13.218 16.622 18.588 18.562 15.139 13.532 10.108  9.264  9.728 10.008 12.516 12.971 16.510 18.376 20.952 21.771
 18.625 17.942 14.722 14.751 12.807 14.303 14.853 15.572 19.373 19.703 19.696 18.015 17.373 18.036 16.950 17.940 15.554 16.143 14.159 14.343 12.790  9.978  7.007  9.568 12.202 10.785 10.986 14.413 15.441 14.937 17.106 19.683 19.846 19.946 20.472 17.566 16.893 13.501 13.851 13.789 10.790  7.785  5.686  5.632  6.908  9.745  9.587  6.481  3.823  0.000  3.836  6.633  9.097  7.874  9.192  9.097 11.853 10.168  8.147 11.555 10.989 14.561 16.487 17.034 14.005 13.052  9.625 10.010 10.346 11.578 13.720 14.540 17.834 19.723 22.589 23.600
 20.169 19.946 17.077 17.486 15.507 17.303 17.463 18.343 22.152 22.286 22.234 20.739 19.624 20.219 18.582 19.217 16.458 16.681 14.816 13.988 12.339  8.849  6.555  8.030 11.287 11.111 10.992 13.854 15.685 15.703 17.172 19.786 20.666 20.923 20.829 17.953 16.485 12.762 12.714 13.615 11.270  8.969  8.124  9.147 10.712 13.421 12.999  9.553  6.563  3.836  0.000  3.830  5.953  5.910  8.606 10.061 12.506 10.318  9.653 13.325 13.335 16.970 18.860 19.827 17.147 16.417 12.962 13.322 12.885 13.683 14.966 15.147 17.964 19.304 22.262 23.508
 19.288 19.202 16.696 17.331 15.365 17.621 17.595 19.080 22.773 22.328 21.904 20.492 18.767 19.257 17.148 17.617 14.859 15.256 14.135 12.746 10.397  6.610  4.689  4.586  8.124  8.891  8.552 10.744 13.055 13.587 14.539 16.971 18.385 18.931 18.477 15.933 14.109 10.249 10.712 12.477 10.358  9.358  8.940 11.200 13.019 16.222 16.059 12.901  9.612  6.633  3.830  0.000  3.855  5.703  8.088 10.205 12.963 11.498 11.622 14.906 14.492 17.793 19.086 20.115 17.990 17.283 13.877 14.420 13.285 14.297 14.851 15.203 17.518 18.839 21.982 23.399
 19.516 20.168 18.185 19.510 18.110 20.730 21.067 22.706 26.398 25.839 25.145 23.427 21.419 21.349 18.780 18.491 15.241 14.732 13.337 11.089  9.493  5.879  6.338  6.313  8.887 10.672 11.224 12.569 14.808 16.159 16.993 18.888 20.624 21.685 21.202 19.035 17.049 13.214 13.798 16.028 14.084 13.169 12.419 14.266 15.404 18.359 18.575 15.199 12.394  9.097  5.953  3.855  0.000  3.814  6.810 10.069 11.884 10.168 11.533 14.624 14.947 18.191 19.713 21.398 19.579 19.548 16.474 17.594 16.827 18.071 18.666 18.939 21.091 22.143 25.246 26.714
 17.416 18.285 16.330 17.989 17.110 19.829 20.793 22.410 26.121 25.682 24.836 22.671 20.862 20.389 17.940 17.386 13.923 12.936 10.732  8.968  8.320  5.399  6.110  8.100  9.925 10.786 12.305 14.115 15.504 16.865 18.462 20.120 21.302 22.564 22.704 20.586 19.201 15.400 16.334 17.963 15.391 13.824 12.082 13.108 13.332 16.001 16.795 13.526 11.469  7.874  5.910  5.703  3.814  0.000  3.841  7.020  8.370  6.385  7.924 10.925 11.654 14.992 16.945 18.943 17.041 17.529 14.811 16.511 16.581 18.320 19.644 20.340 22.957 24.362 27.434 28.740
 13.746 14.947 13.428 15.662 15.512 18.640 20.190 22.243 25.779 24.989 23.650 21.058 19.025 17.946 15.314 14.274 10.658  9.291  6.904  5.536  5.369  4.126  5.887  8.704  9.072  9.432 12.036 13.603 14.083 15.848 17.930 18.994 19.836 21.568 22.232 20.571 19.778 16.216 17.921 19.324 16.307 14.971 12.491 13.436 12.937 15.702 17.285 14.552 12.928  9.192  8.606  8.088  6.810  3.841  0.000  3.831  5.281  5.141  6.880  8.763  9.015 11.883 13.569 15.892 14.500 15.580 13.479 15.933 16.442 18.874 20.481 21.827 24.551 26.380 29.509 30.724
 11.084 11.965 10.258 12.622 13.013 16.144 18.257 20.370 23.735 22.937 21.425 18.498 16.736 15.392 13.170 12.270  8.975  7.989  5.181  6.236  6.255  6.401  6.815 10.389 10.236  9.163 12.215 14.207 13.765 15.147 17.903 18.807 18.910 20.637 21.932 20.368 20.283 17.019 19.039 19.781 16.335 14.770 11.584 11.945 10.643 13.299 15.512 13.444 12.464  9.097 10.061 10.205 10.069  7.020  3.831  0.000  3.856  5.471  5.409  6.238  5.390  8.196  9.956 12.228 10.789 12.244 10.707 13.711 14.923 17.830 19.958 21.821 24.820 27.063 30.135 31.176
 11.920 13.680 12.701 15.491 16.405 19.467 21.825 23.809 27.132 26.442 24.865 21.746 20.052 18.301 16.030 14.480 11.070  8.830  5.046  5.917  8.026  8.875 10.240 13.562 13.284 12.741 15.911 17.604 17.123 18.813 21.512 22.152 22.316 24.271 25.610 24.160 23.980 20.636 22.537 23.438 20.061 18.309 15.130 14.991 13.114 15.018 17.525 15.442 15.064 11.853 12.506 12.963 11.884  8.370  5.281  3.856  0.000  3.856  5.419  4.725  5.943  8.145 10.586 13.647 12.564 14.791 13.822 16.987 18.548 21.410 23.666 25.392 28.436 30.543 33.590 34.636
 15.558 16.945 15.381 17.618 17.833 20.536 22.475 23.995 27.542 27.276 26.181 23.371 21.944 20.747 18.623 17.533 14.067 12.158  8.593  8.319  9.880  9.237 10.156 13.358 14.114 13.893 16.418 18.461 18.694 20.066 22.504 23.693 24.111 25.669 26.633 24.721 24.096 20.490 21.774 22.745 19.612 17.439 14.626 14.224 12.665 14.313 16.234 13.599 13.244 10.168 10.318 11.498 10.168  6.385  5.141  5.471  3.856  0.000  3.834  5.450  7.816 10.913 13.794 16.470 14.659 16.315 14.679 17.267 18.670 21.001 23.217 24.419 27.498 29.277 32.249 33.336
 15.325 15.934 13.743 15.405 15.461 17.737 19.789 20.999 24.490 24.514 23.656 20.881 19.976 19.098 17.593 17.147 14.154 13.071  9.665 10.575 11.332 10.452 10.009 13.652 14.675 13.495 15.761 18.415 18.377 19.068 21.861 23.334 23.246 24.415 25.666 23.524 23.288 19.855 21.056 21.390 18.046 15.454 12.318 11.184  9.125 10.528 12.658 10.395 10.644  8.147  9.653 11.622 11.533  7.924  6.880  5.409  5.419  3.834  0.000  3.851  5.610  9.255 12.404 14.460 11.997 13.348 11.726 14.205 16.083 18.423 21.057 22.435 25.767 27.786 30.653 31.588
 13.485 14.476 12.905 15.079 16.050 18.459 21.088 22.522 25.737 25.563 24.324 21.158 20.262 18.774 17.371 16.466 13.686 12.191  8.590 10.499 12.059 12.370 12.460 16.197 16.439 15.010 17.831 20.221 19.522 20.438 23.533 24.513 24.086 25.589 27.271 25.500 25.678 22.443 24.057 24.281 20.737 18.335 14.864 13.559 10.763 11.646 14.563 13.087 13.848 11.555 13.325 14.906 14.624 10.925  8.763  6.238  4.725  5.450  3.851  0.000  3.839  6.457 10.017 12.592 10.696 13.045 12.515 15.597 17.963 20.734 23.570 25.346 28.721 30.974 33.842 34.697
 10.758 11.070  9.181 11.290 12.523 15.062 17.928 19.672 22.715 22.256 20.779 17.493 16.586 15.038 13.893 13.335 11.043 10.435  7.585 10.377 11.027 11.658 11.186 14.963 14.784 12.660 15.572 18.010 16.810 17.481 20.831 21.673 20.866 22.350 24.333 22.756 23.382 20.470 22.450 22.379 18.662 16.569 12.859 11.811  9.001 10.535 13.706 12.767 13.218 10.989 13.335 14.492 14.947 11.654  9.015  5.390  5.943  7.816  5.610  3.839  0.000  3.837  6.911  9.036  7.084  9.512  9.341 12.793 15.254 18.395 21.270 23.490 26.836 29.402 32.282 33.068
  8.704  9.166  8.276 10.848 13.144 15.701 19.028 21.029 23.650 22.887 20.974 17.375 16.471 14.261 13.384 12.437 10.840 10.234  8.078 11.633 12.588 14.143 14.008 17.598 16.721 14.405 17.608 19.677 17.801 18.605 22.143 22.433 21.220 22.997 25.411 24.294 25.370 22.787 25.136 24.944 21.153 19.385 15.603 14.619 11.637 12.790 16.298 15.980 16.622 14.561 16.970 17.793 18.191 14.992 11.883  8.196  8.145 10.913  9.255  6.457  3.837  0.000  3.838  6.609  6.058  9.566 10.770 14.487 17.163 20.600 23.513 26.100 29.387 32.172 35.023 35.731
  5.785  5.728  5.878  8.892 11.966 14.740 18.229 20.705 22.960 21.662 19.246 15.493 14.274 11.495 10.746  9.657  9.052  9.246  8.588 12.370 12.769 14.894 14.791 17.991 16.436 13.879 17.180 18.811 16.309 17.188 20.786 20.556 19.008 21.048 23.773 23.167 24.660 22.506 25.275 25.023 21.249 20.070 16.385 15.968 13.428 15.002 18.402 18.352 18.588 16.487 18.860 19.086 19.713 16.945 13.569  9.956 10.586 13.794 12.404 10.017  6.911  3.838  0.000  3.843  5.574  9.063 10.969 14.730 17.125 20.819 23.498 26.452 29.530 32.522 35.380 36.054
  7.667  5.452  4.688  6.300  9.780 12.015 15.705 18.158 19.999 18.625 16.143 12.347 11.684  9.138  9.649  9.798 10.387 11.792 11.717 15.346 14.977 16.692 15.829 18.834 17.384 14.233 17.015 18.850 16.048 16.168 19.932 19.791 17.628 19.254 22.330 21.779 23.779 22.081 24.866 24.100 20.355 19.325 15.755 15.263 12.928 14.420 17.669 18.264 18.562 17.034 19.827 20.115 21.398 18.943 15.892 12.228 13.647 16.470 14.460 12.592  9.036  6.609  3.843  0.000  3.842  6.636  9.492 12.916 15.438 19.152 21.907 25.139 28.180 31.392 34.103 34.625
 10.213  8.194  5.604  6.047  8.369 10.209 13.821 15.771 18.007 17.239 15.409 11.841 11.770 10.302 10.911 11.703 11.514 12.848 11.920 15.288 14.752 15.635 14.150 17.429 16.750 13.427 15.820 18.320 16.093 15.722 19.524 20.117 18.127 19.207 22.016 20.826 22.583 20.623 22.979 21.986 18.191 16.607 12.926 11.854  9.237 10.617 13.867 14.567 15.139 14.005 17.147 17.990 19.579 17.041 14.500 10.789 12.564 14.659 11.997 10.696  7.084  6.058  5.574  3.842  0.000  3.834  6.469  9.936 12.926 16.462 19.549 22.559 25.830 28.959 31.619 32.117
 12.702  9.962  6.544  4.653  5.540  6.549 10.149 11.976 14.216 13.584 12.105  8.834  9.479  9.261 10.646 12.577 12.778 14.859 14.263 17.198 15.895 16.092 13.801 16.711 16.440 12.767 14.315 17.156 15.113 13.869 17.636 18.698 16.474 16.869 19.663 18.197 20.184 18.552 20.712 19.235 15.542 14.036 10.642  9.641  7.836  9.579 12.133 13.236 13.532 13.052 16.417 17.283 19.548 17.529 15.580 12.244 14.791 16.315 13.348 13.045  9.512  9.566  9.063  6.636  3.834  0.000  3.812  6.569  9.641 13.098 16.252 19.397 22.645 25.898 28.434 28.838
 13.921 11.573  7.776  6.115  4.708  6.065  8.693 10.437 13.467 13.072 12.141  9.512  9.712 10.297 10.927 13.014 12.524 14.604 13.807 16.078 14.318 13.699 10.856 13.647 14.018 10.436 11.455 14.729 13.410 11.966 15.514 17.201 15.528 15.633 17.858 15.851 17.350 15.390 17.257 15.861 12.118 10.344  6.856  6.179  5.370  8.302 10.100 10.508 10.108  9.625 12.962 13.877 16.474 14.811 13.479 10.707 13.822 14.679 11.726 12.515  9.341 10.770 10.969  9.492  6.469  3.812  0.000  3.832  6.640 10.094 13.236 16.128 19.470 22.578 25.228 25.769
 17.478 14.885 11.102  8.598  5.752  4.903  6.096  6.950 10.330 10.579 10.682  9.170 10.234 12.067 13.190 15.849 15.600 17.935 17.251 19.143 17.012 15.753 12.353 14.499 15.495 12.014 11.796 15.330 14.522 12.188 15.312 17.613 15.901 15.086 17.008 14.506 16.066 14.501 15.789 13.682 10.254  8.324  5.790  5.025  6.105  8.633  9.014  9.910  9.264 10.010 13.322 14.420 17.594 16.511 15.933 13.711 16.987 17.267 14.205 15.597 12.793 14.487 14.730 12.916  9.936  6.569  3.832  0.000  3.824  6.708 10.186 13.069 16.486 19.681 22.144 22.558
 18.850 16.268 12.651 10.137  6.452  5.767  4.647  6.022  9.642  9.445  9.849  9.347  9.836 12.398 13.215 16.165 16.000 18.652 18.440 19.770 17.048 15.374 11.739 12.905 14.129 10.923  9.559 13.028 12.761  9.888 12.439 15.224 13.858 12.508 13.876 11.023 12.479 11.238 12.417 10.074  6.794  5.795  4.804  6.292  8.910 11.810 11.391 11.566  9.728 10.346 12.885 13.285 16.827 16.581 16.442 14.923 18.548 18.670 16.083 17.963 15.254 17.163 17.125 15.438 12.926  9.641  6.640  3.824  0.000  3.822  6.659  9.838 13.035 16.343 18.936 19.490
 22.595 20.063 16.457 13.883 10.170  8.753  6.243  5.605  9.126  9.877 11.491 12.074 12.944 15.891 16.751 19.751 19.492 22.057 21.720 22.707 19.897 17.709 13.925 14.496 16.361 13.665 11.476 14.837 15.295 12.168 13.837 17.112 16.075 14.030 14.654 11.282 12.254 11.399 11.442  8.320  6.178  5.133  6.461  7.685 11.006 13.375 11.849 12.033 10.008 11.578 13.683 14.297 18.071 18.320 18.874 17.830 21.410 21.001 18.423 20.734 18.395 20.600 20.819 19.152 16.462 13.098 10.094  6.708  3.822  0.000  3.824  6.529  9.921 13.197 15.601 16.083
 24.537 22.061 18.699 16.227 12.429 11.321  8.129  7.914 10.559 10.774 12.469 13.776 14.156 17.352 17.955 21.012 20.862 23.583 23.638 24.196 21.029 18.654 15.005 14.581 16.498 14.353 11.335 14.102 15.123 11.829 12.430 16.002 15.441 12.910 12.641  9.019  9.589  9.546  9.059  5.409  4.960  6.071  8.776 10.929 14.457 17.028 15.358 15.103 12.516 13.720 14.966 14.851 18.666 19.644 20.481 19.958 23.666 23.217 21.057 23.570 21.270 23.513 23.498 21.907 19.549 16.252 13.236 10.186  6.659  3.824  0.000  3.828  6.515 10.040 12.597 13.297
 27.550 25.329 21.932 19.696 15.919 14.910 11.812 10.965 13.433 14.187 16.183 17.563 17.893 20.982 21.301 24.140 23.615 26.046 25.846 25.997 22.887 20.049 16.468 15.658 18.175 16.635 13.378 15.990 17.711 14.752 14.752 18.519 18.516 15.996 15.022 11.286 10.682 10.466  8.507  4.974  6.463  7.116 10.657 12.584 16.342 18.663 16.392 15.730 12.971 14.540 15.147 15.203 18.939 20.340 21.827 21.821 25.392 24.419 22.435 25.346 23.490 26.100 26.452 25.139 22.559 19.397 16.128 13.069  9.838  6.529  3.828  0.000  3.820  6.790  9.462 10.443
 30.159 27.932 24.727 22.483 18.713 17.732 14.351 13.665 15.483 15.932 17.963 19.816 19.960 23.181 23.436 26.308 25.954 28.500 28.608 28.515 25.208 22.363 19.009 17.565 19.936 18.809 15.219 17.145 19.142 16.200 15.345 19.063 19.388 16.571 14.885 11.431 10.413 11.203  8.781  5.770  8.778 10.428 14.038 16.252 20.008 22.397 20.114 19.386 16.510 17.834 17.964 17.518 21.091 22.957 24.551 24.820 28.436 27.498 25.767 28.721 26.836 29.387 29.530 28.180 25.830 22.645 19.470 16.486 13.035  9.921  6.515  3.820  0.000  3.830  6.563  7.989
 33.072 31.057 27.881 25.836 22.095 21.261 17.965 17.144 18.934 19.547 21.613 23.435 23.459 26.572 26.584 29.265 28.659 30.983 30.973 30.534 27.282 24.182 21.030 19.271 21.924 21.300 17.660 19.324 21.758 19.141 17.899 21.597 22.354 19.662 17.546 14.263 12.514 13.147 10.006  8.146 11.529 12.935 16.694 18.827 22.622 24.901 22.362 21.318 18.376 19.723 19.304 18.839 22.143 24.362 26.380 27.063 30.543 29.277 27.786 30.974 29.402 32.172 32.522 31.392 28.959 25.898 22.578 19.681 16.343 13.197 10.040  6.790  3.830  0.000  3.842  6.218
 36.067 33.936 30.723 28.498 24.740 23.579 20.149 18.935 20.260 21.146 23.523 25.644 25.952 29.214 29.457 32.241 31.754 34.132 34.103 33.720 30.494 27.396 24.223 22.529 25.160 24.474 20.855 22.472 24.799 22.062 20.774 24.375 24.987 22.089 19.978 16.909 15.427 16.367 13.330 11.445 14.683 15.895 19.582 21.423 25.165 27.182 24.434 23.633 20.952 22.589 22.262 21.982 25.246 27.434 29.509 30.135 33.590 32.249 30.653 33.842 32.282 35.023 35.380 34.103 31.619 28.434 25.228 22.144 18.936 15.601 12.597  9.462  6.563  3.842  0.000  3.813
 36.901 34.646 31.402 29.019 25.277 23.858 20.390 18.908 19.944 21.035 23.609 25.874 26.432 29.779 30.244 33.119 32.759 35.208 35.161 34.936 31.740 28.717 25.473 23.967 26.523 25.639 22.101 23.816 25.935 23.057 21.932 25.474 25.848 22.826 20.912 17.929 16.815 17.860 15.053 12.914 15.865 16.906 20.448 22.065 25.725 27.578 24.780 24.240 21.771 23.600 23.508 23.399 26.714 28.740 30.724 31.176 34.636 33.336 31.588 34.697 33.068 35.731 36.054 34.625 32.117 28.838 25.769 22.558 19.490 16.083 13.297 10.443  7.989  6.218  3.813  0.000
