  0.000  3.831  6.637 10.270 13.231 16.640 19.662 22.801 24.976 22.916 19.972 16.369 14.021 10.541  8.378  5.558  5.427  5.829  7.553 10.684 10.709 13.811 14.626 16.978 14.383 12.524 16.110 16.624 13.797 15.613 18.785 17.739 16.690 19.507 22.014 22.151 23.771 21.982 25.098 25.284 21.767 21.438 18.135 18.804 17.111 19.434 22.448 21.924 21.384 18.675 20.176 19.312 19.434 17.310 13.658 11.010 11.910 15.539 15.311 13.441 10.722  8.619  5.737  7.588 10.095 12.597 13.854 17.394 18.768 22.521 24.494 27.595 30.448 33.032 35.988 38.344
  3.831  0.000  3.826  6.887 10.180 13.348 16.473 19.658 21.557 19.397 16.365 12.718 10.594  7.057  5.868  4.741  6.301  8.432  9.937 13.126 12.293 14.719 14.567 16.893 14.538 11.857 14.966 15.840 12.662 13.644 17.108 16.250 14.508 16.957 19.853 19.962 22.040 20.637 23.745 23.421 19.894 19.671 16.433 17.081 15.609 18.007 20.846 20.780 20.259 18.026 20.014 19.309 20.167 18.211 14.902 11.920 13.675 16.930 15.919 14.418 11.018  9.084  5.703  5.360  8.068  9.856 11.517 14.812 16.209 20.002 22.027 25.366 28.162 30.939 33.910 36.248
  6.637  3.826  0.000  3.820  6.761 10.058 13.211 16.230 18.441 16.615 13.990 10.340  8.578  6.017  5.443  6.274  6.850  9.324  9.929 12.989 11.646 13.157 12.141 14.727 13.067  9.793 12.539 14.207 11.422 11.624 15.349 15.325 13.536 15.338 18.147 17.630 19.635 18.071 20.898 20.304 16.658 16.134 12.810 13.341 12.045 14.664 17.272 17.255 16.698 14.749 17.076 16.715 18.086 16.144 13.287 10.138 12.629 15.295 13.686 12.837  9.120  8.255  6.000  4.814  5.613  6.538  7.740 11.045 12.575 16.374 18.621 21.919 24.862 27.706 30.645 33.033
 10.270  6.887  3.820  0.000  3.817  6.500  9.851 12.853 14.781 12.949 10.400  6.703  5.817  4.657  6.294  8.804 10.009 12.884 13.389 16.228 14.437 15.216 13.318 15.645 14.491 10.773 12.492 14.576 11.850 10.804 14.613 15.037 12.624 13.589 16.688 15.958 18.402 17.314 19.933 18.687 15.141 14.690 11.657 12.088 11.296 13.862 16.010 16.564 16.041 14.858 17.602 17.485 19.546 17.891 15.611 12.572 15.454 17.578 15.384 15.025 11.231 10.815  8.951  6.339  6.042  4.655  6.122  8.584 10.124 13.850 16.190 19.709 22.568 25.614 28.529 30.881
 13.231 10.180  6.761  3.817  0.000  3.828  6.496  9.646 12.045 10.386  8.501  5.595  5.058  6.315  7.745 10.873 11.575 14.576 14.901 17.143 14.785 14.634 11.962 13.888 13.435  9.597 10.220 12.833 10.769  8.727 12.391 13.675 11.453 11.540 14.295 12.946 15.311 14.306 16.638 15.081 11.591 11.251  8.641  9.592  9.937 12.934 14.257 14.664 13.634 12.876 15.621 15.528 18.172 17.011 15.465 12.963 16.360 17.778 15.426 15.987 12.445 13.100 12.031  9.820  8.370  5.557  4.708  5.726  6.431 10.137 12.390 15.923 18.791 21.867 24.781 27.165
 16.640 13.348 10.058  6.500  3.828  0.000  3.830  6.418  8.444  7.249  6.226  4.313  6.301  8.747 11.095 14.424 15.371 18.338 18.448 20.741 18.429 17.934 14.891 16.662 16.700 12.932 12.771 15.563 13.801 11.024 14.254 15.905 13.341 12.419 15.200 13.553 16.175 15.683 17.464 15.138 12.030 11.503  9.553  9.829 10.529 12.879 13.597 14.793 14.137 14.392 17.453 17.816 20.824 19.742 18.605 16.100 19.418 20.482 17.699 18.395 14.981 15.664 14.786 12.036 10.217  6.571  6.064  4.893  5.766  8.708 11.242 14.855 17.608 20.898 23.674 25.977
 19.662 16.473 13.211  9.851  6.496  3.830  0.000  3.839  6.115  4.935  5.488  6.015  7.746 11.096 13.182 16.733 17.602 20.707 20.957 22.776 20.052 19.011 15.642 16.686 17.162 13.700 12.434 15.175 14.040 10.599 13.056 15.283 12.952 11.021 13.259 11.179 13.811 13.884 15.245 12.420  9.929 10.038  9.411 10.388 12.267 14.722 14.492 15.468 14.236 14.937 17.642 17.817 21.212 20.745 20.184 18.238 21.799 22.448 19.783 21.053 17.865 18.998 18.280 15.723 13.836 10.181  8.712  6.115  4.665  6.235  8.042 11.733 14.183 17.524 20.282 22.549
 22.801 19.658 16.230 12.853  9.646  6.418  3.839  0.000  3.863  5.444  7.905  9.081 11.444 14.684 16.840 20.295 20.920 23.788 23.603 25.400 22.840 21.425 17.825 18.958 20.012 16.686 15.163 18.186 17.502 14.019 16.131 18.708 16.565 14.269 16.058 13.541 15.716 15.782 16.301 13.006 11.049 10.443 10.429 10.513 12.601 14.328 13.314 14.817 14.017 15.653 18.532 19.307 22.861 22.359 22.239 20.347 23.771 23.959 20.980 22.478 19.599 20.996 20.742 18.159 15.777 11.986 10.428  6.949  6.025  5.551  7.771 10.823 13.243 16.645 19.098 21.287
 24.976 21.557 18.441 14.781 12.045  8.444  6.115  3.863  0.000  3.840  7.326  9.620 12.601 16.008 18.705 22.315 23.459 26.543 26.617 28.608 26.024 24.855 21.347 22.351 23.120 19.737 18.206 20.876 19.878 16.261 18.166 20.405 17.845 15.241 17.245 15.243 17.843 18.561 19.131 15.650 14.206 14.073 14.199 14.229 15.997 17.364 16.434 18.327 17.763 19.450 22.331 22.989 26.545 26.063 25.767 23.706 27.091 27.502 24.467 25.691 22.644 23.625 22.995 20.005 18.026 14.242 13.467 10.338  9.644  9.064 10.383 13.204 14.878 18.205 20.435 22.341
 22.916 19.397 16.615 12.949 10.386  7.249  4.935  5.444  3.840  0.000  3.808  6.913  9.609 13.207 16.018 19.739 21.295 24.649 25.231 27.225 24.461 23.653 20.387 21.159 21.370 17.975 16.559 18.753 17.338 13.741 15.647 17.431 14.572 12.033 14.454 13.087 16.224 17.276 18.514 15.328 13.728 14.352 14.237 14.993 16.684 18.631 18.256 19.753 18.783 19.777 22.459 22.543 25.984 25.625 24.967 22.898 26.396 27.233 24.490 25.505 22.174 22.839 21.679 18.616 17.238 13.602 13.074 10.586  9.455  9.858 10.655 14.017 15.553 18.845 21.343 23.279
 19.972 16.365 13.990 10.400  8.501  6.226  5.488  7.905  7.326  3.808  0.000  3.830  6.362  9.850 12.914 16.628 18.602 22.103 23.066 25.223 22.506 22.226 19.332 20.198 19.767 16.278 15.430 17.237 15.172 11.916 14.231 15.323 12.050 10.193 13.332 12.706 16.194 17.133 19.083 16.406 14.334 15.192 14.407 15.441 16.657 18.914 19.239 20.519 19.486 19.806 22.434 22.160 25.320 24.813 23.652 21.404 24.838 26.158 23.645 24.266 20.700 20.914 19.253 16.118 15.387 12.110 12.157 10.699  9.898 11.524 12.447 16.124 17.832 21.057 23.748 25.751
 16.369 12.718 10.340  6.703  5.595  4.313  6.015  9.081  9.620  6.913  3.830  0.000  3.827  6.657  9.937 13.501 15.463 18.849 19.732 22.164 19.738 19.854 17.241 18.626 17.881 14.185 14.193 16.131 13.633 10.966 14.057 14.825 11.556 10.839 14.272 13.681 16.956 17.169 19.472 17.253 14.488 14.861 13.165 13.957 14.479 16.816 17.818 18.997 18.196 18.051 20.827 20.619 23.457 22.531 20.956 18.392 21.646 23.270 20.803 21.049 17.371 17.290 15.481 12.326 11.809  8.829  9.480  9.136  9.308 12.017 13.672 17.456 19.689 22.924 25.736 27.892
 14.021 10.594  8.578  5.817  5.058  6.301  7.746 11.444 12.601  9.609  6.362  3.827  0.000  3.847  6.582 10.305 12.432 16.045 17.455 19.614 16.956 17.353 15.139 16.198 14.898 11.382 11.693 13.057 10.170  7.973 11.232 11.479  8.263  8.502 12.033 11.963 15.165 15.251 18.092 16.515 13.660 14.562 12.780 14.352 14.973 17.869 19.091 19.580 18.271 17.384 19.674 18.851 21.424 20.729 18.932 16.658 19.997 21.872 19.933 20.198 16.516 16.437 14.341 11.752 11.796  9.531  9.720 10.207  9.774 12.879 14.049 17.791 19.978 22.994 25.943 28.144
 10.541  7.057  6.017  4.657  6.315  8.747 11.096 14.684 16.008 13.207  9.850  6.657  3.847  0.000  3.815  7.091  9.756 13.305 15.032 17.500 15.255 16.457 14.969 16.401 14.449 11.088 12.575 13.536 10.106  9.324 12.775 12.202  9.303 10.899 14.328 14.647 17.525 17.144 20.271 19.220 16.099 16.715 14.321 15.668 15.518 18.344 20.223 20.544 19.462 18.002 20.192 19.259 21.257 20.184 17.774 15.240 18.184 20.614 18.996 18.652 14.918 14.174 11.513  9.174 10.272  9.251 10.246 11.994 12.301 15.798 17.242 20.891 23.255 26.177 29.158 31.393
  8.378  5.868  5.443  6.294  7.745 11.095 13.182 16.840 18.705 16.018 12.914  9.937  6.582  3.815  0.000  3.815  6.317 10.045 12.263 14.338 11.955 13.528 12.684 13.935 11.440  8.525 10.746 11.158  7.597  8.225 11.543 10.599  8.703 11.245 14.066 14.488 16.781 15.924 19.294 18.959 15.800 16.541 14.076 15.860 15.730 18.878 20.860 20.522 19.089 16.965 18.596 17.190 18.725 17.789 15.173 13.052 15.939 18.523 17.533 17.271 13.798 13.282 10.758  9.672 10.881 10.666 10.946 13.195 13.218 16.776 17.992 21.373 23.779 26.445 29.458 31.734
  5.558  4.741  6.274  8.804 10.873 14.424 16.733 20.295 22.315 19.739 16.628 13.501 10.305  7.091  3.815  0.000  3.831  7.180 10.083 12.139 10.344 12.871 13.103 14.478 11.446  9.401 12.450 12.329  8.975 10.886 13.808 12.374 11.288 14.358 16.799 17.392 19.235 17.991 21.430 21.611 18.421 18.975 16.281 17.921 17.320 20.340 22.695 22.051 20.725 18.104 19.363 17.785 18.559 17.397 14.279 12.296 14.523 17.580 17.229 16.484 13.364 12.399  9.695  9.825 11.715 12.638 13.121 15.937 16.259 19.870 21.156 24.348 26.825 29.329 32.336 34.618
  5.427  6.301  6.850 10.009 11.575 15.371 17.602 20.920 23.459 21.295 18.602 15.463 12.432  9.756  6.317  3.831  0.000  3.820  6.662  8.372  6.634  9.467 10.332 12.012  9.091  7.618 11.273 11.405  8.941 11.356 14.146 13.316 13.093 15.977 17.854 17.881 19.039 17.093 20.314 20.941 17.656 17.823 14.997 16.607 15.902 18.981 21.343 20.179 18.764 15.724 16.588 14.991 15.272 13.940 10.672  9.040 11.155 14.146 14.281 13.758 11.130 10.849  9.156 10.464 11.566 12.863 12.653 15.704 16.095 19.618 21.017 23.859 26.530 28.853 31.808 34.152
  5.829  8.432  9.324 12.884 14.576 18.338 20.707 23.788 26.543 24.649 22.103 18.849 16.045 13.305 10.045  7.180  3.820  0.000  3.877  5.379  5.378  9.008 10.993 12.958 10.301  9.805 13.617 13.761 12.001 14.669 17.220 16.502 16.702 19.591 21.197 21.035 21.748 19.371 22.341 23.325 20.028 19.785 16.817 18.060 16.912 19.668 22.258 20.778 19.602 16.252 16.730 15.304 14.675 12.910  9.260  8.016  8.896 12.208 13.157 12.233 10.495 10.207  9.310 11.829 12.846 14.880 14.665 17.979 18.694 22.131 23.704 26.275 29.077 31.250 34.130 36.490
  7.553  9.937  9.929 13.389 14.901 18.448 20.957 23.603 26.617 25.231 23.066 19.732 17.455 15.032 12.263 10.083  6.662  3.877  0.000  3.837  5.536  8.352 10.243 13.009 11.359 10.714 14.421 15.386 14.171 16.327 19.067 19.021 19.164 21.615 23.172 22.416 22.884 20.086 22.596 23.503 20.054 19.103 15.883 16.487 14.861 17.233 19.961 18.341 17.586 14.242 14.850 14.177 13.284 10.707  6.886  5.167  5.113  8.654  9.719  8.591  7.567  7.941  8.529 11.622 11.788 14.152 13.752 17.194 18.397 21.710 23.690 26.036 29.094 31.267 34.055 36.471
 10.684 13.126 12.989 16.228 17.143 20.741 22.776 25.400 28.608 27.225 25.223 22.164 19.614 17.500 14.338 12.139  8.372  5.379  3.837  0.000  3.835  6.539  9.611 11.663 10.136 10.813 14.248 14.740 14.333 16.927 19.053 19.084 19.969 22.456 23.423 22.630 22.499 19.454 21.810 23.307 20.183 19.447 16.696 17.759 16.681 19.237 21.535 19.331 18.079 14.411 14.010 12.776 11.037  8.993  5.533  6.241  5.943  8.357 10.622 10.474 10.349 11.491 12.324 15.278 15.186 17.129 16.067 19.135 19.784 22.773 24.343 26.293 29.191 31.023 33.722 36.090
 10.709 12.293 11.646 14.437 14.785 18.429 20.052 22.840 26.024 24.461 22.506 19.738 16.956 15.255 11.955 10.344  6.634  5.378  5.536  3.835  0.000  3.842  6.794  8.335  6.366  7.233 10.602 10.921 10.695 13.349 15.284 15.448 16.540 18.928 19.693 18.923 18.762 15.824 18.394 19.933 16.922 16.666 14.230 15.976 15.619 18.711 20.610 18.382 16.537 12.864 12.379 10.443  9.468  8.342  5.366  6.296  8.070  9.915 11.409 12.072 11.038 12.509 12.807 14.986 14.724 15.901 14.371 17.058 17.108 20.013 21.217 23.205 25.941 27.755 30.515 32.871
 13.811 14.719 13.157 15.216 14.634 17.934 19.011 21.425 24.855 23.653 22.226 19.854 17.353 16.457 13.528 12.871  9.467  9.008  8.352  6.539  3.842  0.000  3.836  5.252  5.105  6.462  8.831  9.816 10.765 12.784 14.359 15.411 16.798 18.552 18.825 17.432 16.704 13.349 15.413 17.164 14.343 13.902 11.924 13.918 14.208 17.426 18.720 16.066 13.758 10.029  8.884  6.653  5.868  5.422  4.125  6.445  8.891  9.245 10.523 12.380 11.660 14.075 14.953 16.723 15.630 16.123 13.772 15.825 15.462 17.864 18.887 20.424 23.161 24.778 27.434 29.805
 14.626 14.567 12.141 13.318 11.962 14.891 15.642 17.825 21.347 20.387 19.332 17.241 15.139 14.969 12.684 13.103 10.332 10.993 10.243  9.611  6.794  3.836  0.000  3.844  5.373  4.931  6.352  8.704  9.809 10.695 12.532 14.356 15.334 16.420 16.760 14.816 14.226 10.808 12.668 13.897 10.822 10.124  8.150 10.446 11.358 14.840 15.708 13.174 10.540  7.059  6.626  4.782  6.362  6.067  5.876  6.854 10.254 10.157 10.085 12.489 11.197 13.980 14.888 15.891 14.181 13.859 10.949 12.439 11.828 14.075 15.212 16.805 19.706 21.532 24.241 26.697
 16.978 16.893 14.727 15.645 13.888 16.662 16.686 18.958 22.351 21.159 20.198 18.626 16.198 16.401 13.935 14.478 12.012 12.958 13.009 11.663  8.335  5.252  3.844  0.000  3.842  5.440  5.137  6.396  8.863  9.997 10.648 12.642 14.464 15.437 14.953 13.127 11.807  8.281 10.278 12.343 10.044 10.500  9.830 12.887 14.547 18.111 18.484 15.830 12.643  9.574  8.062  4.634  6.357  8.087  8.686 10.423 13.564 13.337 13.712 16.212 14.973 17.570 18.102 18.929 17.493 16.822 13.790 14.648 13.075 14.753 14.918 16.112 18.512 19.933 22.608 24.969
 14.383 14.538 13.067 14.491 13.435 16.700 17.162 20.012 23.120 21.370 19.767 17.881 14.898 14.449 11.440 11.446  9.091 10.301 11.359 10.136  6.366  5.105  5.373  3.842  0.000  3.862  5.353  4.896  6.331  8.782  9.671 10.534 12.435 14.274 14.188 13.292 12.672  9.860 12.750 14.607 12.168 13.091 11.874 14.877 16.013 19.658 20.599 18.314 15.471 12.254 11.341  8.185  8.926  9.946  9.077 10.300 13.331 14.138 14.769 16.482 14.828 16.714 16.566 17.496 16.827 16.563 14.174 15.638 14.282 16.585 16.787 18.556 20.826 22.426 25.219 27.518
 12.524 11.857  9.793 10.773  9.597 12.932 13.700 16.686 19.737 17.975 16.278 14.185 11.382 11.088  8.525  9.401  7.618  9.805 10.714 10.813  7.233  6.462  4.931  5.440  3.862  0.000  3.849  5.382  5.076  6.453  8.755  9.907 10.633 12.238 13.015 11.889 12.224  9.722 12.758 13.608 10.512 11.142  9.287 12.160 13.172 16.894 17.998 16.243 13.703 10.848 11.179  8.973 10.684 10.726  9.381  9.173 12.746 13.880 13.557 15.028 12.678 14.392 14.004 14.343 13.506 12.895 10.594 12.153 11.062 13.852 14.575 16.929 19.501 21.599 24.522 26.919
 16.110 14.966 12.539 12.492 10.220 12.771 12.434 15.163 18.206 16.559 15.430 14.193 11.693 12.575 10.746 12.450 11.273 13.617 14.421 14.248 10.602  8.831  6.352  5.137  5.353  3.849  0.000  3.839  5.397  5.066  6.305  8.786  9.901 10.468 10.439  8.654  8.523  5.947  9.102  9.961  7.251  8.838  8.291 11.864 13.915 17.696 18.020 16.231 13.156 10.946 11.006  8.594 11.245 12.215 11.964 12.186 15.874 16.355 15.764 17.801 15.536 17.564 17.281 17.105 15.872 14.419 11.572 11.912  9.695 11.684 11.598 13.683 15.990 17.970 20.908 23.307
 16.624 15.840 14.207 14.576 12.833 15.563 15.175 18.186 20.876 18.753 17.237 16.131 13.057 13.536 11.158 12.329 11.405 13.761 15.386 14.740 10.921  9.816  8.704  6.396  4.896  5.382  3.839  0.000  3.845  5.424  4.941  6.321  8.723 10.077  9.426  8.886  8.521  6.791 10.385 11.937 10.125 12.367 12.109 15.671 17.551 21.336 21.813 19.956 16.836 14.393 13.877 10.786 12.637 14.114 13.603 14.248 17.647 18.471 18.478 20.248 18.032 19.676 18.952 18.971 18.394 17.270 14.853 15.428 13.127 15.011 14.330 16.254 17.981 19.600 22.474 24.690
 13.797 12.662 11.422 11.850 10.769 13.801 14.040 17.502 19.878 17.338 15.172 13.633 10.170 10.106  7.597  8.975  8.941 12.001 14.171 14.333 10.695 10.765  9.809  8.863  6.331  5.076  5.397  3.845  0.000  3.857  5.329  5.034  6.175  8.569  9.326  9.612 10.687  9.674 13.378 14.110 11.766 13.723 12.672 15.866 17.193 20.921 21.895 20.542 17.890 15.478 15.748 13.135 14.876 15.512 14.105 13.833 17.208 18.747 18.477 19.590 16.875 17.848 16.491 16.207 16.201 15.249 13.548 14.613 12.830 15.407 15.248 17.863 19.760 21.799 24.774 26.994
 15.613 13.644 11.624 10.804  8.727 11.024 10.599 14.019 16.261 13.741 11.916 10.966  7.973  9.324  8.225 10.886 11.356 14.669 16.327 16.927 13.349 12.784 10.695  9.997  8.782  6.453  5.066  5.424  3.857  0.000  3.846  5.455  5.093  5.818  7.044  6.602  8.597  8.245 11.737 11.525  9.162 11.426 10.809 14.067 15.885 19.559 20.113 19.160 16.520 14.840 15.664 13.588 16.146 16.735 15.748 15.080 18.762 19.977 19.021 20.372 17.410 18.552 17.284 16.255 15.747 13.929 12.001 12.188  9.870 12.199 11.872 14.789 16.666 19.000 22.026 24.289
 18.785 17.108 15.349 14.613 12.391 14.254 13.056 16.131 18.166 15.647 14.231 14.057 11.232 12.775 11.543 13.808 14.146 17.220 19.067 19.053 15.284 14.359 12.532 10.648  9.671  8.755  6.305  4.941  5.329  3.846  0.000  3.845  5.588  5.621  4.543  4.765  6.039  6.739 10.310 10.694  9.551 12.681 13.076 16.665 18.942 22.647 22.801 21.567 18.528 16.909 17.046 14.458 16.964 18.330 17.838 17.845 21.473 22.404 21.791 23.457 20.754 22.091 20.901 20.029 19.537 17.668 15.505 15.246 12.344 13.787 12.397 14.684 15.850 17.689 20.612 22.726
 17.739 16.250 15.325 15.037 13.675 15.905 15.283 18.708 20.405 17.431 15.323 14.825 11.479 12.202 10.599 12.374 13.316 16.502 19.021 19.084 15.448 15.411 14.356 12.642 10.534  9.907  8.786  6.321  5.034  5.455  3.845  0.000  3.847  6.024  5.841  7.959  9.520 10.309 13.953 14.507 13.250 16.150 16.002 19.407 21.198 24.896 25.500 24.368 21.527 19.568 19.714 16.927 18.890 20.061 18.974 18.833 22.214 23.690 23.358 24.534 21.694 22.475 20.755 19.965 20.201 18.787 17.247 17.581 15.142 17.055 15.929 18.413 19.482 21.274 24.150 26.128
 16.690 14.508 13.536 12.624 11.453 13.341 12.952 16.565 17.845 14.572 12.050 11.556  8.263  9.303  8.703 11.288 13.093 16.702 19.164 19.969 16.540 16.798 15.334 14.464 12.435 10.633  9.901  8.723  6.175  5.093  5.588  3.847  0.000  3.826  6.120  8.238 11.045 12.065 15.576 15.227 13.551 16.144 15.614 18.629 20.170 23.688 24.455 23.873 21.430 19.817 20.679 18.428 20.681 21.284 19.867 18.988 22.434 24.171 23.331 24.172 20.951 21.340 19.273 17.870 18.282 16.624 15.624 15.903 13.788 15.999 15.306 18.340 19.592 21.832 24.776 26.785
 19.507 16.957 15.338 13.589 11.540 12.419 11.021 14.269 15.241 12.033 10.193 10.839  8.502 10.899 11.245 14.358 15.977 19.591 21.615 22.456 18.928 18.552 16.420 15.437 14.274 12.238 10.468 10.077  8.569  5.818  5.621  6.024  3.826  0.000  3.851  5.679  9.229 11.101 14.105 13.048 11.903 14.805 14.966 17.987 20.036 23.441 23.683 23.325 20.819 19.825 20.857 18.905 21.679 22.458 21.530 20.649 24.312 25.641 24.417 25.605 22.372 23.080 21.291 19.493 19.351 17.017 15.699 15.059 12.400 13.894 12.678 15.675 16.597 18.917 21.813 23.776
 22.014 19.853 18.147 16.688 14.295 15.200 13.259 16.058 17.245 14.454 13.332 14.272 12.033 14.328 14.066 16.799 17.854 21.197 23.172 23.423 19.693 18.825 16.760 14.953 14.188 13.015 10.439  9.426  9.326  7.044  4.543  5.841  6.120  3.851  0.000  3.824  6.533  9.227 12.007 11.491 11.338 14.821 15.770 19.174 21.681 25.202 25.057 24.275 21.345 20.327 20.743 18.428 21.196 22.603 22.189 21.942 25.637 26.589 25.661 27.276 24.347 25.473 24.001 22.556 22.158 19.825 17.951 17.033 13.849 14.625 12.549 14.803 15.160 16.956 19.743 21.610
 22.151 19.962 17.630 15.958 12.946 13.553 11.179 13.541 15.243 13.087 12.706 13.681 11.963 14.647 14.488 17.392 17.881 21.035 22.416 22.630 18.923 17.432 14.816 13.127 13.292 11.889  8.654  8.886  9.612  6.602  4.765  7.959  8.238  5.679  3.824  0.000  3.897  6.460  8.794  7.778  7.707 11.301 12.746 16.184 19.053 22.512 21.989 21.113 18.082 17.415 17.888 15.924 19.073 20.498 20.545 20.381 24.176 24.669 23.508 25.490 22.750 24.335 23.374 21.977 20.946 18.340 15.936 14.533 11.015 11.278  8.968 11.099 11.774 13.793 16.728 18.848
 23.771 22.040 19.635 18.402 15.311 16.175 13.811 15.716 17.843 16.224 16.194 16.956 15.165 17.525 16.781 19.235 19.039 21.748 22.884 22.499 18.762 16.704 14.226 11.807 12.672 12.224  8.523  8.521 10.687  8.597  6.039  9.520 11.045  9.229  6.533  3.897  0.000  3.887  5.691  6.048  7.128 10.890 12.996 16.645 19.787 23.279 22.456 21.021 17.612 16.824 16.535 14.275 17.327 19.350 20.003 20.525 24.220 24.245 23.439 25.842 23.547 25.575 25.044 24.113 22.817 20.403 17.524 16.129 12.512 12.234  9.534 10.468 10.864 12.182 15.020 17.164
 21.982 20.637 18.071 17.314 14.306 15.683 13.884 15.782 18.561 17.276 17.133 17.169 15.251 17.144 15.924 17.991 17.093 19.371 20.086 19.454 15.824 13.349 10.808  8.281  9.860  9.722  5.947  6.791  9.674  8.245  6.739 10.309 12.065 11.101  9.227  6.460  3.887  0.000  3.843  5.630  5.451  8.650 10.513 14.261 17.314 20.867 20.151 18.261 14.694 13.503 12.857 10.464 13.543 15.628 16.545 17.381 20.984 20.736 20.114 22.724 20.759 23.112 23.011 22.533 20.979 18.890 15.690 14.682 11.385 11.482  9.606 10.413 11.754 13.086 15.935 18.263
 25.098 23.745 20.898 19.933 16.638 17.464 15.245 16.301 19.131 18.514 19.083 19.472 18.092 20.271 19.294 21.430 20.314 22.341 22.596 21.810 18.394 15.413 12.668 10.278 12.750 12.758  9.102 10.385 13.378 11.737 10.310 13.953 15.576 14.105 12.007  8.794  5.691  3.843  0.000  3.841  5.628  8.292 11.211 14.609 18.043 21.287 19.933 17.892 14.215 13.720 12.769 10.964 14.200 16.547 18.199 19.288 22.769 21.919 21.175 24.185 22.567 25.283 25.598 25.119 23.131 20.838 17.356 15.780 12.412 11.396  9.073  8.442  9.433 10.210 12.880 15.301
 25.284 23.421 20.304 18.687 15.081 15.138 12.420 13.006 15.650 15.328 16.406 17.253 16.515 19.220 18.959 21.611 20.941 23.325 23.503 23.307 19.933 17.164 13.897 12.343 14.607 13.608  9.961 11.937 14.110 11.525 10.694 14.507 15.227 13.048 11.491  7.778  6.048  5.630  3.841  0.000  3.837  6.732 10.091 13.189 16.836 19.883 18.269 16.856 13.491 13.808 13.853 12.841 16.464 18.189 19.572 19.987 23.631 22.907 21.541 24.408 22.466 25.038 25.245 24.247 22.080 19.311 15.935 13.681 10.074  8.326  5.446  4.967  6.388  8.256 11.282 13.929
 21.767 19.894 16.658 15.141 11.591 12.030  9.929 11.049 14.206 13.728 14.334 14.488 13.660 16.099 15.800 18.421 17.656 20.028 20.054 20.183 16.922 14.343 10.822 10.044 12.168 10.512  7.251 10.125 11.766  9.162  9.551 13.250 13.551 11.903 11.338  7.707  7.128  5.451  5.628  3.837  0.000  3.822  6.496  9.877 13.351 16.617 15.462 14.090 10.806 10.774 11.438 10.645 14.391 15.507 16.479 16.493 20.201 19.708 18.148 20.827 18.728 21.241 21.474 20.522 18.302 15.645 12.210 10.275  6.812  6.188  4.994  6.485  9.186 11.563 14.547 17.167
 21.438 19.671 16.134 14.690 11.251 11.503 10.038 10.443 14.073 14.352 15.192 14.861 14.562 16.715 16.541 18.975 17.823 19.785 19.103 19.447 16.666 13.902 10.124 10.500 13.091 11.142  8.838 12.367 13.723 11.426 12.681 16.150 16.144 14.805 14.821 11.301 10.890  8.650  8.292  6.732  3.822  0.000  3.830  6.551 10.237 13.256 11.841 10.345  7.126  7.800  9.194  9.677 13.462 13.916 15.120 14.894 18.406 17.508 15.530 18.395 16.597 19.433 20.238 19.430 16.671 14.085 10.390  8.315  5.800  5.134  6.121  7.249 10.709 13.137 15.845 18.503
 18.135 16.433 12.810 11.657  8.641  9.553  9.411 10.429 14.199 14.237 14.407 13.165 12.780 14.321 14.076 16.281 14.997 16.817 15.883 16.696 14.230 11.924  8.150  9.830 11.874  9.287  8.291 12.109 12.672 10.809 13.076 16.002 15.614 14.966 15.770 12.746 12.996 10.513 11.211 10.091  6.496  3.830  0.000  3.817  6.951 10.416  9.964  8.584  5.931  5.734  8.292  9.157 12.570 12.064 12.555 11.652 15.176 14.647 12.367 14.904 12.873 15.643 16.538 15.858 12.997 10.704  6.915  5.808  4.803  6.457  8.792 10.769 14.252 16.826 19.539 22.129
 18.804 17.081 13.341 12.088  9.592  9.829 10.388 10.513 14.229 14.993 15.441 13.957 14.352 15.668 15.860 17.921 16.607 18.060 16.487 17.759 15.976 13.918 10.446 12.887 14.877 12.160 11.864 15.671 15.866 14.067 16.665 19.407 18.629 17.987 19.174 16.184 16.645 14.261 14.609 13.189  9.877  6.551  3.817  0.000  3.822  6.796  6.237  5.468  4.438  5.731  9.311 11.382 14.355 13.024 13.439 11.941 14.960 14.181 11.164 13.538 11.763 14.612 16.054 15.305 11.877  9.650  6.171  5.029  6.299  7.672 10.936 12.702 16.318 18.969 21.440 23.978
 17.111 15.609 12.045 11.296  9.937 10.529 12.267 12.601 15.997 16.684 16.657 14.479 14.973 15.518 15.730 17.320 15.902 16.912 14.861 16.681 15.619 14.208 11.358 14.547 16.013 13.172 13.915 17.551 17.193 15.885 18.942 21.198 20.170 20.036 21.681 19.053 19.787 17.314 18.043 16.836 13.351 10.237  6.951  3.822  0.000  3.849  5.508  5.498  6.507  6.948 10.737 13.062 15.314 13.082 12.793 10.511 12.954 12.483  8.964 10.640  8.881 11.604 13.490 12.983  9.287  7.891  5.388  6.183  8.954 11.016 14.472 16.455 20.052 22.738 25.179 27.671
 19.434 18.007 14.664 13.862 12.934 12.879 14.722 14.328 17.364 18.631 18.914 16.816 17.869 18.344 18.878 20.340 18.981 19.668 17.233 19.237 18.711 17.426 14.840 18.111 19.658 16.894 17.696 21.336 20.921 19.559 22.647 24.896 23.688 23.441 25.202 22.512 23.279 20.867 21.287 19.883 16.617 13.256 10.416  6.796  3.849  0.000  3.849  5.565  8.406  9.690 13.326 16.163 18.128 15.597 15.418 13.040 14.683 13.927 10.146 11.329 10.296 12.687 15.008 14.482 10.681  9.695  8.358  8.808 11.947 13.469 17.114 18.823 22.393 25.054 27.259 29.673
 22.448 20.846 17.272 16.010 14.257 13.597 14.492 13.314 16.434 18.256 19.239 17.818 19.091 20.223 20.860 22.695 21.343 22.258 19.961 21.535 20.610 18.720 15.708 18.484 20.599 17.998 18.020 21.813 21.895 20.113 22.801 25.500 24.455 23.683 25.057 21.989 22.456 20.151 19.933 18.269 15.462 11.841  9.964  6.237  5.508  3.849  0.000  3.824  6.887  9.563 13.000 16.090 18.479 16.524 17.121 15.354 17.305 15.985 12.420 14.368 13.535 16.215 18.404 17.677 13.868 12.148 10.079  9.086 11.465 11.893 15.403 16.527 20.017 22.536 24.516 26.888
 21.924 20.780 17.255 16.564 14.664 14.793 15.468 14.817 18.327 19.753 20.519 18.997 19.580 20.544 20.522 22.051 20.179 20.778 18.341 19.331 18.382 16.066 13.174 15.830 18.314 16.243 16.231 19.956 20.542 19.160 21.567 24.368 23.873 23.325 24.275 21.113 21.021 18.261 17.892 16.856 14.090 10.345  8.584  5.468  5.498  5.565  3.824  0.000  3.826  6.429  9.521 12.881 15.095 13.293 14.448 13.369 15.331 13.456 10.292 13.047 12.720 15.999 18.443 18.334 14.632 13.286 10.518  9.955 11.575 12.014 15.087 15.828 19.358 21.552 23.565 26.002
 21.384 20.259 16.698 16.041 13.634 14.137 14.236 14.017 17.763 18.783 19.486 18.196 18.271 19.462 19.089 20.725 18.764 19.602 17.586 18.079 16.537 13.758 10.540 12.643 15.471 13.703 13.156 16.836 17.890 16.520 18.528 21.527 21.430 20.819 21.345 18.082 17.612 14.694 14.215 13.491 10.806  7.126  5.931  4.438  6.507  8.406  6.887  3.826  0.000  3.827  6.613  9.672 12.407 11.368 12.964 12.542 15.104 13.244 10.707 13.944 13.304 16.747 18.805 18.744 15.308 13.687 10.241  9.394  9.808 10.055 12.556 13.114 16.626 18.673 20.843 23.360
 18.675 18.026 14.749 14.858 12.876 14.392 14.937 15.653 19.450 19.777 19.806 18.051 17.384 18.002 16.965 18.104 15.724 16.252 14.242 14.411 12.864 10.029  7.059  9.574 12.254 10.848 10.946 14.393 15.478 14.840 16.909 19.568 19.817 19.825 20.327 17.415 16.824 13.503 13.720 13.808 10.774  7.800  5.734  5.731  6.948  9.690  9.563  6.429  3.827  0.000  3.839  6.647  9.067  7.760  9.239  9.207 11.925 10.199  8.264 11.683 11.103 14.687 16.711 17.214 14.163 13.191  9.756 10.113 10.403 11.626 13.785 14.726 18.139 20.090 22.467 24.994
 20.176 20.014 17.076 17.602 15.621 17.453 17.642 18.532 22.331 22.459 22.434 20.827 19.674 20.192 18.596 19.363 16.588 16.730 14.850 14.010 12.379  8.884  6.626  8.062 11.341 11.179 11.006 13.877 15.748 15.664 17.046 19.714 20.679 20.857 20.743 17.888 16.535 12.857 12.769 13.853 11.438  9.194  8.292  9.311 10.737 13.326 13.000  9.521  6.613  3.839  0.000  3.838  5.923  5.812  8.626 10.131 12.512 10.283  9.715 13.376 13.384 17.009 19.019 19.962 17.258 16.549 13.111 13.486 13.052 13.901 15.237 15.575 18.636 20.038 22.287 24.736
 19.312 19.309 16.715 17.485 15.528 17.816 17.817 19.307 22.989 22.543 22.160 20.619 18.851 19.259 17.190 17.785 14.991 15.304 14.177 12.776 10.443  6.653  4.782  4.634  8.185  8.973  8.594 10.786 13.135 13.588 14.458 16.927 18.428 18.905 18.428 15.924 14.275 10.464 10.964 12.841 10.645  9.677  9.157 11.382 13.062 16.163 16.090 12.881  9.672  6.647  3.838  0.000  3.852  5.672  8.118 10.294 12.988 11.483 11.706 14.962 14.554 17.829 19.258 20.270 18.115 17.445 14.066 14.619 13.499 14.583 15.209 15.705 18.408 19.644 22.047 24.445
 19.434 20.167 18.086 19.546 18.172 20.824 21.212 22.861 26.545 25.984 25.320 23.457 21.424 21.257 18.725 18.559 15.272 14.675 13.284 11.037  9.468  5.868  6.362  6.357  8.926 10.684 11.245 12.637 14.876 16.146 16.964 18.890 20.681 21.679 21.196 19.073 17.327 13.543 14.200 16.464 14.391 13.462 12.570 14.355 15.314 18.128 18.479 15.095 12.407  9.067  5.923  3.852  0.000  3.810  6.763 10.049 11.793 10.052 11.506 14.547 14.877 18.070 19.729 21.402 19.550 19.569 16.540 17.690 16.969 18.311 19.020 19.479 22.078 23.102 25.386 27.683
 17.310 18.211 16.144 17.891 17.011 19.742 20.745 22.359 26.063 25.625 24.813 22.531 20.729 20.184 17.789 17.397 13.940 12.910 10.707  8.993  8.342  5.422  6.067  8.087  9.946 10.726 12.215 14.114 15.512 16.735 18.330 20.061 21.284 22.458 22.603 20.498 19.350 15.628 16.547 18.189 15.507 13.916 12.064 13.024 13.082 15.597 16.524 13.293 11.368  7.760  5.812  5.672  3.810  0.000  3.836  6.966  8.299  6.298  7.852 10.825 11.525 14.824 16.899 18.850 16.897 17.399 14.715 16.426 16.532 18.339 19.768 20.649 23.618 25.035 27.405 29.787
 13.658 14.902 13.287 15.611 15.465 18.605 20.184 22.239 25.767 24.967 23.652 20.956 18.932 17.774 15.173 14.279 10.672  9.260  6.886  5.533  5.366  4.125  5.876  8.686  9.077  9.381 11.964 13.603 14.105 15.748 17.838 18.974 19.867 21.530 22.189 20.545 20.003 16.545 18.199 19.572 16.479 15.120 12.555 13.439 12.793 15.418 17.121 14.448 12.964  9.239  8.626  8.118  6.763  3.836  0.000  3.828  5.268  5.153  6.926  8.742  8.965 11.762 13.559 15.842 14.412 15.512 13.456 15.918 16.448 18.935 20.621 22.131 25.185 26.932 29.500 31.916
 11.010 11.920 10.138 12.572 12.963 16.100 18.238 20.347 23.706 22.898 21.404 18.392 16.658 15.240 13.052 12.296  9.040  8.016  5.167  6.241  6.296  6.445  6.854 10.423 10.300  9.173 12.186 14.248 13.833 15.080 17.845 18.833 18.988 20.649 21.942 20.381 20.525 17.381 19.288 19.987 16.493 14.894 11.652 11.941 10.511 13.040 15.354 13.369 12.542  9.207 10.131 10.294 10.049  6.966  3.828  0.000  3.855  5.490  5.458  6.217  5.342  8.084  9.961 12.183 10.699 12.167 10.678 13.689 14.919 17.857 20.050 22.059 25.300 27.445 30.123 32.590
 11.910 13.675 12.629 15.454 16.360 19.418 21.799 23.771 27.091 26.396 24.838 21.646 19.997 18.184 15.939 14.523 11.155  8.896  5.113  5.943  8.070  8.891 10.254 13.564 13.331 12.746 15.874 17.647 17.208 18.762 21.473 22.214 22.434 24.312 25.637 24.176 24.220 20.984 22.769 23.631 20.201 18.406 15.176 14.960 12.954 14.683 17.305 15.331 15.104 11.925 12.512 12.988 11.793  8.299  5.268  3.855  0.000  3.859  5.421  4.682  5.918  8.045 10.586 13.606 12.472 14.705 13.780 16.950 18.532 21.414 23.740 25.618 28.897 30.955 33.547 35.992
 15.539 16.930 15.295 17.578 17.778 20.482 22.448 23.959 27.502 27.233 26.158 23.270 21.872 20.614 18.523 17.580 14.146 12.208  8.654  8.357  9.915  9.245 10.157 13.337 14.138 13.880 16.355 18.471 18.747 19.977 22.404 23.690 24.171 25.641 26.589 24.669 24.245 20.736 21.919 22.907 19.708 17.508 14.647 14.181 12.483 13.927 15.985 13.456 13.244 10.199 10.283 11.483 10.052  6.298  5.153  5.490  3.859  0.000  3.835  5.448  7.801 10.850 13.817 16.444 14.585 16.235 14.629 17.222 18.644 20.997 23.288 24.655 27.955 29.780 32.182 34.609
 15.311 15.919 13.686 15.384 15.426 17.699 19.783 20.980 24.467 24.490 23.645 20.803 19.933 18.996 17.533 17.229 14.281 13.157  9.719 10.622 11.409 10.523 10.085 13.712 14.769 13.557 15.764 18.478 18.477 19.021 21.791 23.358 23.331 24.417 25.661 23.508 23.439 20.114 21.175 21.541 18.148 15.530 12.367 11.164  8.964 10.146 12.420 10.292 10.707  8.264  9.715 11.706 11.506  7.852  6.926  5.458  5.421  3.835  0.000  3.853  5.605  9.226 12.455 14.455 11.948 13.283 11.691 14.179 16.079 18.424 21.123 22.656 26.115 28.208 30.622 33.091
 13.441 14.418 12.837 15.025 15.987 18.395 21.053 22.478 25.691 25.505 24.266 21.049 20.198 18.652 17.271 16.484 13.758 12.233  8.591 10.474 12.072 12.380 12.489 16.212 16.482 15.028 17.801 20.248 19.590 20.372 23.457 24.534 24.172 25.605 27.276 25.490 25.842 22.724 24.185 24.408 20.827 18.395 14.904 13.538 10.640 11.329 14.368 13.047 13.944 11.683 13.376 14.962 14.547 10.825  8.742  6.217  4.682  5.448  3.853  0.000  3.839  6.411 10.016 12.546 10.615 12.952 12.460 15.557 17.938 20.707 23.596 25.521 29.003 31.291 33.798 36.265
 10.722 11.018  9.120 11.231 12.445 14.981 17.865 19.599 22.644 22.174 20.700 17.371 16.516 14.918 13.798 13.364 11.130 10.495  7.567 10.349 11.038 11.660 11.197 14.973 14.828 12.678 15.536 18.032 16.875 17.410 20.754 21.694 20.951 22.372 24.347 22.750 23.547 20.759 22.567 22.466 18.728 16.597 12.873 11.763  8.881 10.296 13.535 12.720 13.304 11.103 13.384 14.554 14.877 11.525  8.965  5.342  5.918  7.801  5.605  3.839  0.000  3.831  6.965  9.019  7.009  9.413  9.270 12.731 15.200 18.334 21.249 23.597 27.041 29.561 32.215 34.696
  8.619  9.084  8.255 10.815 13.100 15.664 18.998 20.996 23.625 22.839 20.914 17.290 16.437 14.174 13.282 12.399 10.849 10.207  7.941 11.491 12.509 14.075 13.980 17.570 16.714 14.392 17.564 19.676 17.848 18.552 22.091 22.475 21.340 23.080 25.473 24.335 25.575 23.112 25.283 25.038 21.241 19.433 15.643 14.612 11.604 12.687 16.215 15.999 16.747 14.687 17.009 17.829 18.070 14.824 11.762  8.084  8.045 10.850  9.226  6.411  3.831  0.000  3.840  6.595  6.022  9.520 10.749 14.474 17.143 20.565 23.501 26.199 29.571 32.248 34.983 37.439
  5.737  5.703  6.000  8.951 12.031 14.786 18.280 20.742 22.995 21.679 19.253 15.481 14.341 11.513 10.758  9.695  9.156  9.310  8.529 12.324 12.807 14.953 14.888 18.102 16.566 14.004 17.281 18.952 16.491 17.284 20.901 20.755 19.273 21.291 24.001 23.374 25.044 23.011 25.598 25.245 21.474 20.238 16.538 16.054 13.490 15.008 18.404 18.443 18.805 16.711 19.019 19.258 19.729 16.899 13.559  9.961 10.586 13.817 12.455 10.016  6.965  3.840  0.000  3.844  5.585  9.091 11.049 14.807 17.206 20.884 23.585 26.634 29.822 32.612 35.462 37.880
  7.588  5.360  4.814  6.339  9.820 12.036 15.723 18.159 20.005 18.616 16.118 12.326 11.752  9.174  9.672  9.825 10.464 11.829 11.622 15.278 14.986 16.723 15.891 18.929 17.496 14.343 17.105 18.971 16.207 16.255 20.029 19.965 17.870 19.493 22.556 21.977 24.113 22.533 25.119 24.247 20.522 19.430 15.858 15.305 12.983 14.482 17.677 18.334 18.744 17.214 19.962 20.270 21.402 18.850 15.842 12.183 13.606 16.444 14.455 12.546  9.019  6.595  3.844  0.000  3.844  6.648  9.535 12.957 15.480 19.163 21.924 25.227 28.316 31.303 34.159 36.534
 10.095  8.068  5.613  6.042  8.370 10.217 13.836 15.777 18.026 17.238 15.387 11.809 11.796 10.272 10.881 11.715 11.566 12.846 11.788 15.186 14.724 15.630 14.181 17.493 16.827 13.506 15.872 18.394 16.201 15.747 19.537 20.201 18.282 19.351 22.158 20.946 22.817 20.979 23.131 22.080 18.302 16.671 12.997 11.877  9.287 10.681 13.868 14.632 15.308 14.163 17.258 18.115 19.550 16.897 14.412 10.699 12.472 14.585 11.948 10.615  7.009  6.022  5.585  3.844  0.000  3.831  6.484  9.965 12.948 16.450 19.540 22.630 25.901 28.888 31.651 34.068
 12.597  9.856  6.538  4.655  5.557  6.571 10.181 11.986 14.242 13.602 12.110  8.829  9.531  9.251 10.666 12.638 12.863 14.880 14.152 17.129 15.901 16.123 13.859 16.822 16.563 12.895 14.419 17.270 15.249 13.929 17.668 18.787 16.624 17.017 19.825 18.340 20.403 18.890 20.838 19.311 15.645 14.085 10.704  9.650  7.891  9.695 12.148 13.286 13.687 13.191 16.549 17.445 19.569 17.399 15.512 12.167 14.705 16.235 13.283 12.952  9.413  9.520  9.091  6.648  3.831  0.000  3.816  6.595  9.671 13.079 16.231 19.438 22.641 25.752 28.497 30.893
 13.854 11.517  7.740  6.122  4.708  6.064  8.712 10.428 13.467 13.074 12.157  9.480  9.720 10.246 10.946 13.121 12.653 14.665 13.752 16.067 14.371 13.772 10.949 13.790 14.174 10.594 11.572 14.853 13.548 12.001 15.505 17.247 15.624 15.699 17.951 15.936 17.524 15.690 17.356 15.935 12.210 10.390  6.915  6.171  5.388  8.358 10.079 10.518 10.241  9.756 13.111 14.066 16.540 14.715 13.456 10.678 13.780 14.629 11.691 12.460  9.270 10.749 11.049  9.535  6.484  3.816  0.000  3.830  6.655 10.070 13.224 16.192 19.530 22.521 25.269 27.737
 17.394 14.812 11.045  8.584  5.726  4.893  6.115  6.949 10.338 10.586 10.699  9.136 10.207 11.994 13.195 15.937 15.704 17.979 17.194 19.135 17.058 15.825 12.439 14.648 15.638 12.153 11.912 15.428 14.613 12.188 15.246 17.581 15.903 15.059 17.033 14.533 16.129 14.682 15.780 13.681 10.275  8.315  5.808  5.029  6.183  8.808  9.086  9.955  9.394 10.113 13.486 14.619 17.690 16.426 15.918 13.689 16.950 17.222 14.179 15.557 12.731 14.474 14.807 12.957  9.965  6.595  3.830  0.000  3.827  6.657 10.128 13.077 16.404 19.531 22.199 24.651
 18.768 16.209 12.575 10.124  6.431  5.766  4.665  6.025  9.644  9.455  9.898  9.308  9.774 12.301 13.218 16.259 16.095 18.694 18.397 19.784 17.108 15.462 11.828 13.075 14.282 11.062  9.695 13.127 12.830  9.870 12.344 15.142 13.788 12.400 13.849 11.015 12.512 11.385 12.412 10.074  6.812  5.800  4.803  6.299  8.954 11.947 11.465 11.575  9.808 10.403 13.052 13.499 16.969 16.532 16.448 14.919 18.532 18.644 16.079 17.938 15.200 17.143 17.206 15.480 12.948  9.671  6.655  3.827  0.000  3.817  6.626  9.857 13.059 16.189 19.004 21.499
 22.521 20.002 16.374 13.850 10.137  8.708  6.235  5.551  9.064  9.858 11.524 12.017 12.879 15.798 16.776 19.870 19.618 22.131 21.710 22.773 20.013 17.864 14.075 14.753 16.585 13.852 11.684 15.011 15.407 12.199 13.787 17.055 15.999 13.894 14.625 11.278 12.234 11.482 11.396  8.326  6.188  5.134  6.457  7.672 11.016 13.469 11.893 12.014 10.055 11.626 13.901 14.583 18.311 18.339 18.935 17.857 21.414 20.997 18.424 20.707 18.334 20.565 20.884 19.163 16.450 13.079 10.070  6.657  3.817  0.000  3.823  6.565  9.860 13.084 15.755 18.273
 24.494 22.027 18.621 16.190 12.390 11.242  8.042  7.771 10.383 10.655 12.447 13.672 14.049 17.242 17.992 21.156 21.017 23.704 23.690 24.343 21.217 18.887 15.212 14.918 16.787 14.575 11.598 14.330 15.248 11.872 12.397 15.929 15.306 12.678 12.549  8.968  9.534  9.606  9.073  5.446  4.994  6.121  8.792 10.936 14.472 17.114 15.403 15.087 12.556 13.785 15.237 15.209 19.020 19.768 20.621 20.050 23.740 23.288 21.123 23.596 21.249 23.501 23.585 21.924 19.540 16.231 13.224 10.128  6.626  3.823  0.000  3.828  6.587  9.877 12.766 15.324
 27.595 25.366 21.919 19.709 15.923 14.855 11.733 10.823 13.204 14.017 16.124 17.456 17.791 20.891 21.373 24.348 23.859 26.275 26.036 26.293 23.205 20.424 16.805 16.112 18.556 16.929 13.683 16.254 17.863 14.789 14.684 18.413 18.340 15.675 14.803 11.099 10.468 10.413  8.442  4.967  6.485  7.249 10.769 12.702 16.455 18.823 16.527 15.828 13.114 14.726 15.575 15.705 19.479 20.649 22.131 22.059 25.618 24.655 22.656 25.521 23.597 26.199 26.634 25.227 22.630 19.438 16.192 13.077  9.857  6.565  3.828  0.000  3.826  6.785  9.546 12.289
 30.448 28.162 24.862 22.568 18.791 17.608 14.183 13.243 14.878 15.553 17.832 19.689 19.978 23.255 23.779 26.825 26.530 29.077 29.094 29.191 25.941 23.161 19.706 18.512 20.826 19.501 15.990 17.981 19.760 16.666 15.850 19.482 19.592 16.597 15.160 11.774 10.864 11.754  9.433  6.388  9.186 10.709 14.252 16.318 20.052 22.393 20.017 19.358 16.626 18.139 18.636 18.408 22.078 23.618 25.185 25.300 28.897 27.955 26.115 29.003 27.041 29.571 29.822 28.316 25.901 22.641 19.530 16.404 13.059  9.860  6.587  3.826  0.000  3.833  6.753  9.391
 33.032 30.939 27.706 25.614 21.867 20.898 17.524 16.645 18.205 18.845 21.057 22.924 22.994 26.177 26.445 29.329 28.853 31.250 31.267 31.023 27.755 24.778 21.532 19.933 22.426 21.599 17.970 19.600 21.799 19.000 17.689 21.274 21.832 18.917 16.956 13.793 12.182 13.086 10.210  8.256 11.563 13.137 16.826 18.969 22.738 25.054 22.536 21.552 18.673 20.090 20.038 19.644 23.102 25.035 26.932 27.445 30.955 29.780 28.208 31.291 29.561 32.248 32.612 31.303 28.888 25.752 22.521 19.531 16.189 13.084  9.877  6.785  3.833  0.000  3.843  6.738
 35.988 33.910 30.645 28.529 24.781 23.674 20.282 19.098 20.435 21.343 23.748 25.736 25.943 29.158 29.458 32.336 31.808 34.130 34.055 33.722 30.515 27.434 24.241 22.608 25.219 24.522 20.908 22.474 24.774 22.026 20.612 24.150 24.776 21.813 19.743 16.728 15.020 15.935 12.880 11.282 14.547 15.845 19.539 21.440 25.179 27.259 24.516 23.565 20.843 22.467 22.287 22.047 25.386 27.405 29.500 30.123 33.547 32.182 30.622 33.798 32.215 34.983 35.462 34.159 31.651 28.497 25.269 22.199 19.004 15.755 12.766  9.546  6.753  3.843  0.000  3.811
 38.344 36.248 33.033 30.881 27.165 25.977 22.549 21.287 22.341 23.279 25.751 27.892 28.144 31.393 31.734 34.618 34.152 36.490 36.471 36.090 32.871 29.805 26.697 24.969 27.518 26.919 23.307 24.690 26.994 24.289 22.726 26.128 26.785 23.776 21.610 18.848 17.164 18.263 15.301 13.929 17.167 18.503 22.129 23.978 27.671 29.673 26.888 26.002 23.360 24.994 24.736 24.445 27.683 29.787 31.916 32.590 35.992 34.609 33.091 36.265 34.696 37.439 37.880 36.534 34.068 30.893 27.737 24.651 21.499 18.273 15.324 12.289  9.391  6.738  3.811  0.000
